0 0.300265 0.809295 0.043010 0.041270
0 0.267045 0.053180 0.037070 0.038820
0 0.353250 0.078050 0.029720 0.032520
0 0.441030 0.119980 0.048960 0.051060
0 0.460265 0.183140 0.056310 0.051760
0 0.418390 0.619215 0.040800 0.042550
0 0.423050 0.563845 0.041960 0.043130
0 0.493290 0.525230 0.040800 0.033520
0 0.754880 0.498535 0.043140 0.039930
0 0.646175 0.415380 0.032310 0.028900
0 0.705435 0.439790 0.053190 0.051000
0 0.660625 0.380300 0.035950 0.035480
0 0.901275 0.016225 0.090230 0.032450
0 0.907915 0.067590 0.035670 0.042320
0 0.648875 0.038005 0.031830 0.037070
0 0.763930 0.119495 0.038120 0.042670
0 0.758165 0.189965 0.067150 0.046510
0 0.954690 0.341620 0.038760 0.065280
0 0.900195 0.317725 0.064990 0.055950
0 0.849480 0.347450 0.034680 0.030300
0 0.855600 0.376010 0.035260 0.032060
0 0.919280 0.388980 0.039640 0.043420
0 0.954255 0.464320 0.030890 0.032060
0 0.978585 0.419725 0.042830 0.049550
0 0.968410 0.537050 0.039380 0.049300
0 0.946095 0.629560 0.034970 0.041380
0 0.780670 0.704465 0.032060 0.036430
0 0.840475 0.677620 0.035270 0.037020
0 0.760915 0.547495 0.043430 0.038470
0 0.701610 0.521995 0.023900 0.025350
0 0.743865 0.569060 0.040810 0.037300
0 0.706125 0.587420 0.035850 0.039060
0 0.600420 0.482560 0.046040 0.048960
0 0.551310 0.428645 0.059160 0.053050
0 0.375020 0.335410 0.045180 0.034680
0 0.291085 0.365580 0.036430 0.031480
0 0.292655 0.263955 0.040510 0.038470
0 0.212105 0.323465 0.047510 0.042250
0 0.014635 0.071800 0.029270 0.030600
0 0.074200 0.024970 0.098120 0.049940
0 0.095940 0.064515 0.033280 0.038370
0 0.040085 0.382455 0.042290 0.040510
0 0.083945 0.351270 0.046070 0.046920
0 0.081760 0.457495 0.032960 0.062950
0 0.532980 0.621520 0.026520 0.043720
0 0.465660 0.617435 0.051580 0.067030
0 0.578575 0.639295 0.075810 0.069950
0 0.497250 0.702130 0.053920 0.051000
0 0.552215 0.743195 0.068490 0.051010
0 0.598965 0.811860 0.044010 0.039640
0 0.111275 0.548920 0.045110 0.064000
0 0.365175 0.855630 0.046510 0.054200
0 0.374235 0.906170 0.042670 0.049660
0 0.412040 0.942890 0.034620 0.046160
0 0.359020 0.962300 0.037420 0.040220
0 0.238920 0.974190 0.040920 0.046520
0 0.230705 0.922780 0.033570 0.039520
0 0.173525 0.923825 0.024830 0.030430
0 0.030455 0.873465 0.041970 0.050710
0 0.086095 0.800200 0.054910 0.077640
0 0.101620 0.910015 0.038820 0.039170
0 0.173350 0.589490 0.034980 0.035320
0 0.691520 0.780940 0.050420 0.040800
0 0.818300 0.990270 0.023020 0.019460
0 0.788720 0.956065 0.027980 0.030890
0 0.745585 0.981675 0.046050 0.036650
0 0.445265 0.835000 0.030430 0.034620
0 0.255885 0.817860 0.048270 0.039520
0 0.363445 0.761205 0.040950 0.039510
0 0.321635 0.752990 0.044770 0.048260
0 0.260080 0.673425 0.050360 0.049310
