0 0.506285 0.891425 0.035310 0.031230
0 0.391200 0.666320 0.030080 0.032460
0 0.788080 0.782420 0.038760 0.041300
0 0.155560 0.929150 0.055680 0.057380
0 0.186390 0.833675 0.040060 0.043110
0 0.275850 0.764245 0.051940 0.057710
0 0.444250 0.617230 0.042440 0.042780
0 0.469205 0.673425 0.046170 0.045830
0 0.589800 0.558055 0.066540 0.049910
0 0.638965 0.526685 0.046170 0.051610
0 0.670200 0.494260 0.030560 0.032940
0 0.388110 0.702185 0.040380 0.029290
0 0.705000 0.473210 0.031580 0.041080
0 0.802845 0.412205 0.046170 0.048210
0 0.972095 0.288730 0.046510 0.054540
0 0.863225 0.350250 0.036810 0.039940
0 0.329525 0.721980 0.037210 0.039580
0 0.734285 0.753885 0.040330 0.039110
0 0.608140 0.846645 0.056020 0.040170
0 0.546510 0.871940 0.043800 0.040060
