0 0.371575 0.433480 0.107010 0.128420
0 0.971395 0.947575 0.057210 0.103650
0 0.675280 0.252210 0.053860 0.097920
0 0.714445 0.228785 0.067850 0.066450
0 0.738055 0.197655 0.072390 0.086730
0 0.768480 0.163380 0.064000 0.076940
0 0.550435 0.182205 0.050710 0.055670
0 0.274315 0.418960 0.044070 0.042320
0 0.442245 0.445440 0.041130 0.044900
0 0.324330 0.845175 0.038120 0.057350
0 0.408170 0.740930 0.075120 0.076800
0 0.400410 0.676930 0.106600 0.104920
0 0.488115 0.582710 0.064630 0.106180
0 0.555270 0.603700 0.078900 0.100300
0 0.690610 0.702320 0.094420 0.071760
0 0.660395 0.618805 0.073450 0.067570
0 0.803420 0.562315 0.109120 0.066730
0 0.806860 0.467095 0.058340 0.071350
0 0.733000 0.433940 0.106180 0.078060
0 0.663125 0.451565 0.091490 0.120030
0 0.610370 0.500205 0.083940 0.114570
0 0.628080 0.579145 0.058340 0.071350
0 0.782870 0.378430 0.046200 0.058060
0 0.850895 0.396440 0.092710 0.095480
0 0.951980 0.365115 0.050360 0.062110
0 0.918195 0.326500 0.040710 0.051200
0 0.907495 0.277190 0.032730 0.043220
0 0.949255 0.286215 0.040710 0.045330
0 0.982075 0.255160 0.035850 0.051200
0 0.857295 0.119050 0.055370 0.074020
0 0.796820 0.088595 0.042260 0.049250
0 0.822320 0.047355 0.035560 0.047790
0 0.890400 0.043040 0.049840 0.060620
0 0.956915 0.026300 0.086170 0.052600
0 0.090325 0.416930 0.050370 0.064700
0 0.065840 0.520105 0.052460 0.047210
0 0.052555 0.558925 0.057350 0.043010
0 0.222170 0.549305 0.081840 0.089810
0 0.863220 0.662830 0.049100 0.052880
0 0.944765 0.579820 0.042810 0.047000
0 0.978255 0.611500 0.043490 0.045740
0 0.458450 0.150615 0.055820 0.066310
0 0.351640 0.185870 0.077220 0.055400
0 0.512795 0.070250 0.047010 0.059180
0 0.518670 0.018235 0.051200 0.036470
0 0.463695 0.098370 0.058750 0.044060
0 0.511115 0.121870 0.042810 0.044060
0 0.606385 0.019705 0.060430 0.039410
0 0.645830 0.047170 0.048680 0.052460
0 0.639330 0.129005 0.075120 0.061690
0 0.633450 0.243785 0.049940 0.060430
0 0.576585 0.274210 0.078890 0.096100
0 0.618555 0.321215 0.058750 0.060850
0 0.552245 0.363180 0.066310 0.078480
0 0.509650 0.330865 0.050780 0.092750
0 0.476910 0.304010 0.075960 0.067560
0 0.463275 0.371155 0.081410 0.091070
0 0.300020 0.535670 0.071340 0.076800
0 0.222730 0.103610 0.099260 0.084100
0 0.198815 0.188715 0.066530 0.115330
0 0.138885 0.222705 0.070550 0.082590
0 0.030930 0.131555 0.061860 0.085610
0 0.023880 0.039145 0.047760 0.054890
0 0.066895 0.028010 0.048350 0.056020
0 0.120780 0.053500 0.069500 0.092660
0 0.190275 0.024230 0.090650 0.048460
0 0.260280 0.014160 0.053380 0.028320
0 0.435255 0.041855 0.075090 0.083710
0 0.398520 0.015420 0.046840 0.030840
0 0.366515 0.045690 0.052430 0.035760
0 0.376335 0.081195 0.054950 0.044310
0 0.293010 0.151700 0.049360 0.064460
0 0.249955 0.212135 0.047850 0.062450
0 0.219965 0.311345 0.095730 0.080570
0 0.254210 0.260985 0.056460 0.045330
0 0.099855 0.292460 0.094230 0.061940
0 0.042695 0.312605 0.042350 0.054890
0 0.138885 0.324185 0.075590 0.047850
0 0.188740 0.361205 0.057460 0.043310
0 0.034200 0.385625 0.068400 0.053890
0 0.233560 0.408035 0.038320 0.068490
0 0.189745 0.423650 0.042350 0.047340
0 0.265795 0.478790 0.077610 0.066980
0 0.222230 0.472500 0.039840 0.056400
0 0.143165 0.548795 0.067030 0.121370
0 0.159560 0.613055 0.078560 0.083090
0 0.082250 0.641205 0.070000 0.117850
0 0.027655 0.671225 0.055310 0.118850
0 0.247105 0.763130 0.087290 0.099880
0 0.320540 0.769845 0.050360 0.082250
0 0.300865 0.696400 0.065890 0.076380
0 0.209330 0.660100 0.050360 0.062540
0 0.156035 0.683180 0.062110 0.053300
0 0.180160 0.753480 0.053300 0.053720
0 0.052625 0.926890 0.105250 0.146220
0 0.121615 0.920510 0.039450 0.050360
0 0.213315 0.917570 0.069250 0.073860
0 0.979980 0.316850 0.040040 0.040280
0 0.198630 0.858395 0.074280 0.065470
0 0.269555 0.865320 0.059170 0.053300
0 0.293895 0.915470 0.060010 0.090640
0 0.355585 0.926160 0.067570 0.087680
0 0.324320 0.973895 0.124220 0.052210
0 0.411405 0.915890 0.044910 0.057920
0 0.509190 0.915680 0.076800 0.083520
0 0.427140 0.972215 0.081420 0.055570
0 0.596900 0.856085 0.051620 0.045750
0 0.621910 0.814540 0.070920 0.057500
0 0.687380 0.780965 0.085200 0.080150
0 0.785495 0.971835 0.089390 0.056330
0 0.895660 0.968270 0.073860 0.063460
0 0.891675 0.890165 0.052450 0.081830
0 0.984550 0.789655 0.030900 0.083090
0 0.797880 0.651370 0.057080 0.054140
0 0.804385 0.708445 0.043230 0.065890
