0 0.463985 0.899985 0.037350 0.047010
0 0.241045 0.925490 0.028850 0.034980
0 0.257660 0.945890 0.029440 0.031480
0 0.279075 0.978480 0.034390 0.043040
0 0.301955 0.953905 0.024770 0.025350
0 0.320315 0.976200 0.020690 0.030900
0 0.356015 0.974305 0.051290 0.046330
0 0.320900 0.943560 0.026520 0.027400
0 0.319445 0.906980 0.025350 0.026520
0 0.282125 0.920240 0.034710 0.032060
0 0.221230 0.903050 0.058580 0.040800
0 0.172120 0.908730 0.029140 0.035260
0 0.013085 0.972410 0.026170 0.038760
0 0.022995 0.918790 0.045990 0.051000
0 0.081685 0.928840 0.031770 0.041380
0 0.096840 0.950695 0.025360 0.022730
0 0.128900 0.957400 0.034100 0.024480
0 0.098005 0.813725 0.031770 0.026810
0 0.126715 0.795650 0.027970 0.044880
0 0.177425 0.815470 0.061210 0.051880
0 0.175535 0.841850 0.044590 0.046340
0 0.088375 0.673980 0.065610 0.059160
0 0.155710 0.694965 0.034680 0.041090
0 0.043200 0.622685 0.044040 0.046330
0 0.093930 0.586255 0.046340 0.041670
0 0.106605 0.533070 0.032650 0.029140
0 0.044095 0.542250 0.044590 0.058580
0 0.122490 0.566145 0.039340 0.035850
0 0.915260 0.551370 0.046160 0.066800
0 0.077025 0.480605 0.052170 0.054210
0 0.793755 0.368725 0.040510 0.025930
0 0.811100 0.425555 0.044880 0.032930
0 0.739405 0.330985 0.043130 0.045470
0 0.681115 0.290620 0.034970 0.042840
0 0.683475 0.135440 0.045850 0.047920
0 0.615810 0.185975 0.046900 0.055250
0 0.508615 0.140510 0.054950 0.056660
0 0.574885 0.146280 0.060890 0.071000
0 0.579100 0.051510 0.030780 0.038120
0 0.540285 0.084025 0.040570 0.051410
0 0.430120 0.014650 0.044760 0.029300
0 0.525245 0.027895 0.052450 0.039870
0 0.489225 0.079660 0.063650 0.076240
0 0.088300 0.085010 0.026520 0.026520
0 0.032200 0.118670 0.027980 0.027980
0 0.120495 0.153280 0.048330 0.047840
0 0.149805 0.214460 0.045170 0.054400
0 0.189370 0.021045 0.044420 0.041610
0 0.019205 0.468660 0.038410 0.080440
0 0.090575 0.329205 0.062370 0.065570
0 0.134000 0.360680 0.055380 0.049260
0 0.166055 0.386910 0.039050 0.053920
0 0.204530 0.403815 0.044880 0.045170
0 0.190105 0.347425 0.024770 0.030310
0 0.122895 0.276630 0.039630 0.046340
0 0.160215 0.287825 0.034410 0.032930
0 0.185135 0.294815 0.031210 0.036430
0 0.135735 0.312740 0.025670 0.032060
0 0.203930 0.125050 0.033840 0.032640
0 0.158385 0.456210 0.028330 0.025180
0 0.277810 0.446590 0.030080 0.031820
0 0.260325 0.480510 0.039870 0.037420
0 0.298795 0.489435 0.034270 0.032870
0 0.228855 0.523005 0.038470 0.039170
0 0.289525 0.562875 0.024830 0.028670
0 0.307890 0.579310 0.024480 0.027280
0 0.385700 0.573015 0.037420 0.039870
0 0.340590 0.569870 0.033220 0.026580
0 0.335165 0.594175 0.039870 0.031830
0 0.282710 0.626000 0.030780 0.033220
0 0.234310 0.013930 0.024480 0.027860
0 0.336045 0.630195 0.031130 0.031830
0 0.365595 0.650305 0.035670 0.030770
0 0.407560 0.609215 0.053860 0.043710
0 0.393395 0.674615 0.024130 0.029730
0 0.352480 0.715880 0.028320 0.028320
0 0.382905 0.710110 0.032530 0.025880
0 0.434315 0.685805 0.024130 0.028330
0 0.437985 0.714480 0.036370 0.042320
0 0.484325 0.779880 0.068890 0.080080
0 0.408265 0.790545 0.040570 0.034970
0 0.507480 0.867345 0.059460 0.044070
0 0.542905 0.813630 0.057350 0.053860
0 0.570535 0.870110 0.048970 0.052100
0 0.425430 0.403295 0.035320 0.040910
0 0.499050 0.409590 0.023080 0.028320
0 0.547525 0.412355 0.051410 0.041970
0 0.472820 0.339470 0.045460 0.034980
0 0.431730 0.327755 0.040220 0.033930
0 0.385740 0.349610 0.046160 0.030780
0 0.399415 0.313380 0.058050 0.040560
0 0.371050 0.245745 0.044060 0.055950
0 0.356885 0.305195 0.031130 0.039870
0 0.358110 0.212345 0.033580 0.029030
0 0.315270 0.225110 0.073100 0.055260
0 0.380845 0.159890 0.041970 0.037420
0 0.410740 0.227730 0.038120 0.034620
0 0.427880 0.132785 0.036720 0.040570
0 0.323310 0.156740 0.044420 0.041620
0 0.275925 0.138200 0.055250 0.044420
0 0.308100 0.084870 0.044060 0.041260
0 0.241825 0.047100 0.030430 0.023780
0 0.496600 0.513145 0.045120 0.041270
0 0.589840 0.484750 0.029720 0.023780
0 0.613060 0.524860 0.038820 0.045120
0 0.621835 0.582670 0.061550 0.051060
0 0.574065 0.586410 0.037070 0.030420
0 0.529125 0.559660 0.033230 0.030780
0 0.561825 0.530980 0.033570 0.027280
0 0.661850 0.550565 0.031480 0.024490
0 0.657650 0.576270 0.025180 0.022740
0 0.673915 0.598655 0.029030 0.024130
0 0.702765 0.593760 0.042670 0.061900
0 0.700700 0.635825 0.033220 0.036370
0 0.646795 0.639745 0.054590 0.035670
0 0.705950 0.670975 0.036720 0.022730
0 0.677740 0.712140 0.059140 0.053160
0 0.844370 0.484330 0.034980 0.027280
0 0.896650 0.471565 0.062600 0.052810
0 0.931435 0.507755 0.029410 0.034270
0 0.980395 0.518425 0.039210 0.039510
0 0.959585 0.568265 0.042350 0.037070
0 0.848370 0.563890 0.032560 0.034620
0 0.945020 0.665240 0.034280 0.036020
0 0.982830 0.697415 0.034340 0.040210
0 0.988075 0.777500 0.023850 0.061200
0 0.756190 0.454425 0.029060 0.031830
0 0.858650 0.104035 0.079740 0.074290
0 0.953285 0.174750 0.088550 0.098200
0 0.952000 0.277985 0.096000 0.111630
0 0.873755 0.213360 0.052030 0.061280
0 0.842700 0.160690 0.054560 0.056660
0 0.804505 0.019600 0.062950 0.039200
0 0.752260 0.015400 0.049100 0.030800
0 0.797375 0.068995 0.067150 0.060430
0 0.717630 0.729275 0.057700 0.052450
0 0.752955 0.771770 0.051410 0.063300
0 0.730915 0.682585 0.024830 0.026930
0 0.778310 0.856925 0.029380 0.025190
0 0.823595 0.827895 0.031830 0.035670
0 0.821145 0.916030 0.025530 0.034280
0 0.784930 0.932290 0.043400 0.064700
0 0.829020 0.942785 0.029380 0.031830
0 0.876755 0.960270 0.044410 0.043020
0 0.814535 0.985960 0.039170 0.028080
0 0.928675 0.984750 0.033610 0.030420
0 0.908195 0.876300 0.028330 0.046160
