0 0.709185 0.937140 0.026890 0.027700
0 0.381650 0.949295 0.033100 0.029990
0 0.329030 0.917890 0.025180 0.024900
0 0.699100 0.057260 0.029280 0.028100
0 0.340670 0.040600 0.032060 0.040080
0 0.169620 0.109450 0.029940 0.029240
0 0.409070 0.266875 0.035660 0.046950
0 0.531580 0.473930 0.036540 0.032540
0 0.953435 0.793320 0.037070 0.034220
0 0.799640 0.946310 0.044000 0.036260
0 0.772950 0.254350 0.082300 0.073740
0 0.082055 0.471460 0.057690 0.061120
0 0.040740 0.296140 0.043020 0.039600
0 0.407655 0.535670 0.059890 0.071300
0 0.477715 0.250620 0.045470 0.044980
0 0.562055 0.170685 0.040090 0.036670
0 0.260200 0.359580 0.034300 0.028860
0 0.314350 0.364500 0.027160 0.027840
0 0.184825 0.429345 0.034970 0.031230
0 0.292760 0.614385 0.044480 0.036670
0 0.038820 0.784235 0.040740 0.038710
0 0.151470 0.722510 0.036260 0.031780
