0 0.443160 0.721395 0.042840 0.050130
0 0.050200 0.556985 0.026720 0.028130
0 0.125980 0.608365 0.039060 0.034810
0 0.122335 0.654210 0.032590 0.032580
0 0.178515 0.705940 0.031170 0.029760
0 0.136400 0.797895 0.049060 0.046390
0 0.337565 0.967805 0.043230 0.048090
0 0.423635 0.657275 0.040510 0.038470
0 0.482940 0.614725 0.029720 0.034970
0 0.498415 0.836835 0.033510 0.031470
0 0.544750 0.920185 0.042840 0.055950
0 0.601150 0.953850 0.036140 0.042840
0 0.538140 0.829955 0.035260 0.036430
0 0.412615 0.576460 0.039930 0.044300
0 0.201225 0.371930 0.034730 0.034480
0 0.046130 0.124545 0.033760 0.031090
0 0.013895 0.067840 0.027790 0.058040
0 0.027395 0.497625 0.035850 0.033810
0 0.012750 0.458575 0.025500 0.037310
