0 0.894450 0.916130 0.053500 0.038120
0 0.805620 0.954885 0.029720 0.024130
0 0.782475 0.684360 0.031890 0.029800
0 0.752680 0.703665 0.033580 0.034830
0 0.918240 0.731570 0.028120 0.044480
0 0.954960 0.716045 0.031900 0.041970
0 0.983335 0.864130 0.033330 0.049660
0 0.934670 0.845595 0.028320 0.028670
0 0.860355 0.936525 0.040570 0.039870
0 0.906690 0.954535 0.032520 0.031830
0 0.864025 0.962575 0.029030 0.024830
0 0.837095 0.922185 0.028330 0.029370
0 0.957755 0.916065 0.024830 0.025530
0 0.202765 0.752425 0.040570 0.042670
0 0.074030 0.250220 0.043020 0.042320
0 0.020840 0.242000 0.041680 0.044760
0 0.068780 0.211575 0.044420 0.041970
0 0.432405 0.053910 0.028850 0.030600
