0 0.218110 0.831955 0.051260 0.046170
0 0.026925 0.818660 0.039930 0.042780
0 0.183365 0.593895 0.031570 0.027810
0 0.123100 0.606775 0.029880 0.034630
0 0.912565 0.122830 0.039890 0.040740
0 0.944080 0.905970 0.043560 0.045220
0 0.715015 0.626095 0.047190 0.053990
0 0.515845 0.024795 0.043290 0.039610
0 0.383985 0.114410 0.024450 0.030220
0 0.378895 0.061615 0.038030 0.035990
0 0.334080 0.056355 0.025120 0.028850
0 0.348410 0.113630 0.042100 0.043800
0 0.144020 0.122755 0.040340 0.037890
0 0.067420 0.101770 0.046040 0.050520
0 0.126770 0.509845 0.024440 0.028510
0 0.062605 0.559410 0.034630 0.041420
0 0.040020 0.458920 0.028860 0.030560
0 0.328575 0.839525 0.041150 0.045630
0 0.261150 0.724225 0.038300 0.043190
0 0.604155 0.912110 0.042830 0.042240
0 0.594770 0.818530 0.046340 0.051040
0 0.520555 0.796825 0.059850 0.055730
0 0.140665 0.274140 0.031290 0.037160
0 0.449660 0.220290 0.067580 0.076040
0 0.543855 0.364330 0.046470 0.041400
0 0.523580 0.422205 0.039700 0.047310
0 0.628760 0.464445 0.032100 0.037170
0 0.660015 0.582720 0.057450 0.055760
0 0.959510 0.552725 0.038020 0.049850
0 0.855175 0.422625 0.040550 0.048150
0 0.799415 0.322510 0.040550 0.045620
0 0.671850 0.166215 0.042240 0.047310
0 0.010205 0.760200 0.020410 0.034220
