0 0.470585 0.365665 0.051490 0.043230
0 0.894605 0.673370 0.031190 0.026660
0 0.982060 0.684465 0.035880 0.049850
0 0.929870 0.622520 0.045320 0.053880
0 0.858110 0.631085 0.029720 0.032730
0 0.806715 0.672630 0.028750 0.027200
0 0.768690 0.713170 0.046380 0.039780
0 0.574300 0.571155 0.023220 0.024670
0 0.511600 0.597850 0.029760 0.030720
0 0.637580 0.519250 0.024480 0.020980
0 0.668775 0.515380 0.035010 0.027980
0 0.781275 0.422260 0.032670 0.031180
0 0.818285 0.426925 0.029170 0.032350
0 0.574810 0.315345 0.023580 0.035210
0 0.535950 0.364160 0.039620 0.029380
0 0.881490 0.328145 0.023880 0.022670
0 0.947875 0.338260 0.025090 0.023880
0 0.916510 0.114300 0.027100 0.027680
0 0.284645 0.788515 0.030610 0.031470
0 0.362895 0.783850 0.026230 0.026220
0 0.034105 0.921560 0.030110 0.028180
0 0.110125 0.888650 0.020890 0.020160
