0 0.356805 0.846645 0.039450 0.038190
0 0.297630 0.864060 0.040280 0.041960
0 0.068065 0.937295 0.036930 0.033990
0 0.147180 0.888820 0.050780 0.049520
0 0.734770 0.579345 0.025880 0.031470
0 0.594910 0.542975 0.030780 0.030430
0 0.622155 0.481775 0.034970 0.032170
0 0.356570 0.428180 0.035260 0.031480
0 0.270600 0.495065 0.037600 0.036430
0 0.802995 0.426170 0.041970 0.038820
0 0.599980 0.979140 0.043020 0.041720
0 0.562420 0.934250 0.028680 0.029720
0 0.592115 0.892350 0.037070 0.032520
0 0.389050 0.967395 0.038780 0.034750
0 0.443440 0.980295 0.064960 0.039410
0 0.482470 0.918035 0.035260 0.032730
0 0.504525 0.880215 0.041290 0.049350
0 0.471390 0.775265 0.032240 0.042310
