0 0.658570 0.680615 0.044960 0.046410
0 0.920085 0.979225 0.059810 0.041550
0 0.473555 0.974200 0.042550 0.051600
0 0.361530 0.911445 0.075540 0.130110
0 0.386435 0.879555 0.034270 0.034970
0 0.418715 0.124250 0.054210 0.082540
0 0.644540 0.292195 0.045460 0.033810
0 0.643480 0.872580 0.054560 0.053720
0 0.607595 0.818655 0.087710 0.060850
0 0.620820 0.944550 0.060440 0.074280
0 0.672860 0.977835 0.046160 0.044330
0 0.702235 0.946865 0.035250 0.034410
0 0.946395 0.956260 0.051870 0.039780
0 0.719230 0.872580 0.106180 0.088980
0 0.981630 0.942160 0.036740 0.113320
0 0.482650 0.852660 0.053860 0.044060
0 0.265695 0.785835 0.058750 0.054550
0 0.316055 0.817520 0.058750 0.049940
0 0.302625 0.870190 0.045330 0.057920
0 0.172065 0.467430 0.083930 0.053300
0 0.120655 0.432175 0.044910 0.066730
0 0.171855 0.379510 0.041550 0.046160
0 0.242360 0.452320 0.032320 0.033160
0 0.487720 0.582290 0.123000 0.077640
0 0.570605 0.463320 0.040330 0.052880
0 0.401055 0.366790 0.068030 0.075540
0 0.379675 0.277615 0.043650 0.039870
0 0.299300 0.253695 0.059200 0.085190
0 0.221295 0.092370 0.040710 0.056240
0 0.179365 0.031850 0.036930 0.046580
0 0.149735 0.017645 0.036930 0.035290
0 0.024845 0.191990 0.049690 0.065740
0 0.757840 0.812570 0.052460 0.054560
0 0.736225 0.772695 0.036090 0.041970
0 0.702025 0.798925 0.064210 0.066730
0 0.076020 0.247560 0.051760 0.038820
0 0.481585 0.741895 0.161070 0.121110
0 0.712435 0.279665 0.039670 0.034390
0 0.776420 0.181915 0.058060 0.039870
0 0.412215 0.522170 0.043370 0.077640
0 0.496845 0.486495 0.037070 0.055250
0 0.493320 0.104410 0.050780 0.048680
0 0.521440 0.178485 0.051620 0.039030
0 0.588375 0.015695 0.041130 0.031390
0 0.646500 0.037895 0.045740 0.040710
0 0.611630 0.079485 0.049520 0.054550
0 0.551025 0.087415 0.062110 0.098630
0 0.091890 0.365400 0.032640 0.048960
0 0.768755 0.757590 0.060010 0.042800
0 0.888780 0.786125 0.061700 0.059590
0 0.845765 0.749620 0.037770 0.048680
0 0.876400 0.701775 0.056240 0.068830
0 0.852060 0.662110 0.047000 0.051620
0 0.801490 0.710375 0.046580 0.057490
0 0.731485 0.468770 0.041550 0.044060
0 0.844170 0.487865 0.049520 0.041130
0 0.935445 0.391130 0.065890 0.054980
0 0.727835 0.569620 0.112050 0.078900
0 0.662365 0.609275 0.037350 0.040710
0 0.574245 0.615790 0.057510 0.047020
0 0.578765 0.714335 0.063890 0.068890
