0 0.186795 0.940650 0.058750 0.058760
0 0.103195 0.957645 0.034830 0.033150
0 0.621840 0.937120 0.044060 0.038820
0 0.637190 0.980730 0.038120 0.032520
0 0.717490 0.845490 0.033920 0.038120
0 0.889030 0.743370 0.036380 0.034620
0 0.965760 0.689055 0.030080 0.032530
0 0.576165 0.608340 0.040570 0.032880
0 0.650130 0.581060 0.036720 0.035680
0 0.429735 0.720075 0.043010 0.050710
0 0.422845 0.781315 0.048970 0.065050
0 0.504330 0.702100 0.033580 0.035320
0 0.338980 0.751025 0.034980 0.037070
0 0.328205 0.885130 0.065930 0.047840
