0 0.652820 0.636905 0.047500 0.043130
0 0.710465 0.488130 0.039050 0.039340
0 0.668500 0.520185 0.031480 0.049830
0 0.781835 0.485740 0.042550 0.053040
0 0.806640 0.433775 0.035560 0.039050
0 0.848610 0.402005 0.041380 0.037890
0 0.942145 0.021970 0.049570 0.039340
0 0.807720 0.232245 0.038120 0.036370
0 0.757880 0.274035 0.048260 0.045810
0 0.690775 0.268580 0.038470 0.060500
0 0.627995 0.272775 0.035330 0.030430
0 0.406465 0.417395 0.058290 0.039350
0 0.537075 0.409235 0.039670 0.046630
0 0.487820 0.447850 0.049580 0.039920
0 0.441500 0.526100 0.045460 0.036720
0 0.393500 0.554660 0.062660 0.054500
0 0.345015 0.605955 0.050150 0.074610
0 0.255255 0.626505 0.053070 0.073150
0 0.166015 0.571680 0.039670 0.102000
0 0.107235 0.658210 0.118250 0.067140
0 0.217920 0.595960 0.036760 0.069240
0 0.069445 0.453305 0.065050 0.069590
0 0.252180 0.297925 0.025600 0.042390
0 0.289490 0.326335 0.030640 0.047010
0 0.176175 0.378795 0.060850 0.053710
0 0.126025 0.356550 0.031050 0.032740
0 0.085740 0.371450 0.054560 0.049940
0 0.338005 0.315550 0.041130 0.042380
0 0.349750 0.264765 0.046160 0.088550
0 0.460270 0.234010 0.056700 0.057080
0 0.491750 0.155740 0.033200 0.046580
0 0.596245 0.145875 0.067610 0.046170
0 0.646040 0.101520 0.042800 0.054980
0 0.707900 0.074320 0.040700 0.048260
0 0.751120 0.572065 0.063240 0.052170
0 0.672020 0.047675 0.052880 0.058750
0 0.561225 0.077050 0.034410 0.040280
0 0.525765 0.011455 0.044910 0.022910
0 0.457145 0.082925 0.031050 0.035250
0 0.450855 0.040955 0.036930 0.039450
0 0.403635 0.142520 0.087710 0.067140
0 0.285065 0.217430 0.041170 0.040700
0 0.617825 0.552785 0.025290 0.023090
0 0.893620 0.063880 0.034420 0.028860
0 0.056570 0.175885 0.037360 0.039030
0 0.151835 0.174205 0.037350 0.034830
0 0.172190 0.124265 0.055400 0.046590
0 0.314855 0.067185 0.041170 0.064210
0 0.260110 0.075160 0.067560 0.054140
0 0.194645 0.056065 0.060850 0.092330
0 0.140085 0.053340 0.032310 0.043220
0 0.087210 0.061315 0.076800 0.089390
0 0.190865 0.269890 0.057490 0.068400
0 0.949005 0.648070 0.037010 0.042260
0 0.965035 0.692660 0.039930 0.045760
0 0.863220 0.779460 0.037420 0.048960
0 0.771770 0.826325 0.051760 0.074150
0 0.784550 0.883890 0.068240 0.044420
0 0.822845 0.950165 0.024510 0.034970
0 0.927780 0.961000 0.042660 0.053160
0 0.936900 0.119400 0.037620 0.025640
0 0.648380 0.344230 0.045880 0.036260
0 0.536205 0.337380 0.060430 0.041800
0 0.493400 0.371625 0.055400 0.054890
0 0.358130 0.531220 0.052380 0.059420
0 0.146245 0.749805 0.043710 0.035330
0 0.235010 0.888260 0.036720 0.044060
0 0.227315 0.797160 0.031830 0.043020
0 0.188875 0.870495 0.041270 0.048970
0 0.093020 0.984175 0.036020 0.031650
0 0.048430 0.936350 0.045460 0.064700
0 0.171180 0.945265 0.083240 0.080430
0 0.280645 0.862205 0.065750 0.070990
0 0.422565 0.834755 0.076590 0.062250
0 0.322370 0.742425 0.045460 0.046870
0 0.336710 0.820415 0.051060 0.067150
0 0.498105 0.785615 0.026930 0.033230
0 0.426760 0.748370 0.068200 0.068540
0 0.554250 0.700090 0.027440 0.027200
0 0.514390 0.613595 0.055080 0.050130
0 0.568070 0.616445 0.048080 0.039930
