0 0.586405 0.106890 0.044070 0.043640
0 0.302820 0.025405 0.055600 0.050810
0 0.516955 0.101225 0.063790 0.092750
0 0.655660 0.171670 0.028680 0.043360
0 0.737670 0.166425 0.035320 0.042670
0 0.758760 0.212135 0.043020 0.059810
0 0.956675 0.168590 0.022730 0.026520
0 0.941365 0.012630 0.048690 0.025260
0 0.856590 0.021655 0.053720 0.043310
0 0.287955 0.066545 0.045470 0.041970
0 0.908210 0.117170 0.032740 0.052040
0 0.928355 0.083175 0.045330 0.039450
0 0.832880 0.057155 0.041540 0.043650
0 0.821605 0.151420 0.034970 0.031820
0 0.843635 0.121695 0.057350 0.048610
0 0.793275 0.107705 0.050370 0.049310
0 0.780615 0.151110 0.041270 0.052460
0 0.817165 0.197095 0.050710 0.054210
0 0.776835 0.262285 0.041270 0.046510
0 0.742565 0.239030 0.033570 0.055260
0 0.681540 0.317015 0.034620 0.039170
0 0.577595 0.050235 0.082670 0.083090
0 0.443005 0.482915 0.035670 0.030210
0 0.560220 0.446070 0.021400 0.029800
0 0.437760 0.420385 0.045320 0.054550
0 0.515815 0.365405 0.084770 0.072190
0 0.520015 0.426050 0.030210 0.036520
0 0.604995 0.509565 0.037350 0.054970
0 0.536645 0.624670 0.023430 0.030780
0 0.433475 0.525525 0.031830 0.036730
0 0.416865 0.568890 0.029370 0.058400
0 0.238330 0.657375 0.064000 0.073790
0 0.331705 0.639710 0.045110 0.041960
0 0.308795 0.582355 0.061550 0.072750
0 0.033235 0.475530 0.066470 0.050780
0 0.180835 0.483500 0.034830 0.028960
0 0.087855 0.606470 0.041170 0.049100
0 0.024425 0.560930 0.048850 0.048680
0 0.267475 0.333890 0.063830 0.101560
0 0.215035 0.305140 0.035250 0.057500
0 0.180390 0.391805 0.054180 0.059590
0 0.236650 0.405570 0.044900 0.045320
0 0.148730 0.430205 0.034420 0.039030
0 0.245180 0.026940 0.076240 0.053880
0 0.179365 0.077035 0.040210 0.055250
0 0.148660 0.035695 0.035680 0.038470
0 0.031430 0.134215 0.035320 0.034630
0 0.122885 0.200840 0.042670 0.046860
0 0.153310 0.171110 0.062260 0.055260
0 0.117810 0.102040 0.059800 0.090580
0 0.026820 0.218500 0.053640 0.080780
0 0.069905 0.213080 0.050710 0.051060
0 0.326545 0.372500 0.049110 0.053720
0 0.352775 0.317730 0.058750 0.049940
0 0.275010 0.249785 0.065880 0.064210
0 0.337540 0.233000 0.049940 0.087720
0 0.406790 0.170260 0.051620 0.055400
0 0.418745 0.091575 0.042810 0.063370
0 0.488830 0.020920 0.057080 0.041840
