0 0.760760 0.681705 0.051000 0.043470
0 0.178780 0.144765 0.022060 0.021230
0 0.041765 0.258205 0.024890 0.024310
0 0.087420 0.342285 0.033800 0.028130
0 0.325045 0.404545 0.038650 0.035010
0 0.597680 0.289865 0.057700 0.049250
0 0.481105 0.255620 0.034390 0.031480
0 0.365625 0.308025 0.040270 0.029550
0 0.033120 0.575950 0.031160 0.037240
0 0.781800 0.541850 0.035420 0.034400
0 0.716070 0.110580 0.026960 0.030600
0 0.493315 0.692390 0.038370 0.035460
0 0.219655 0.714605 0.046630 0.040210
0 0.473175 0.519955 0.032350 0.029730
0 0.502350 0.482535 0.032640 0.033810
0 0.943060 0.192135 0.040920 0.038470
0 0.883610 0.230670 0.031120 0.031820
0 0.834295 0.297395 0.031130 0.034970
0 0.739345 0.351955 0.033570 0.035670
0 0.247085 0.101470 0.042510 0.037040
0 0.585045 0.700750 0.033030 0.038860
0 0.551895 0.732925 0.039590 0.036190
0 0.437775 0.854265 0.048090 0.046630
0 0.092585 0.805210 0.033510 0.030020
0 0.680300 0.141580 0.023880 0.021860
0 0.919715 0.009680 0.028170 0.019360
0 0.879570 0.054070 0.034480 0.032060
0 0.802170 0.047655 0.040800 0.029870
0 0.293170 0.362265 0.030560 0.032390
0 0.318715 0.988420 0.026230 0.023160
0 0.233475 0.983175 0.036450 0.033650
0 0.179990 0.970575 0.044300 0.051010
0 0.906950 0.934960 0.032060 0.028860
0 0.977325 0.863410 0.042290 0.051880
0 0.845720 0.955855 0.041380 0.035850
0 0.646890 0.979005 0.049280 0.041990
0 0.710585 0.978280 0.065870 0.043440
0 0.737685 0.960200 0.035550 0.058000
0 0.776010 0.915900 0.058000 0.048080
0 0.805740 0.893170 0.048380 0.068780
0 0.851640 0.861255 0.040800 0.062950
0 0.897685 0.860235 0.034970 0.052170
0 0.886025 0.819725 0.031770 0.029730
0 0.943430 0.833135 0.062980 0.048670
0 0.972135 0.797725 0.055110 0.050130
0 0.890355 0.513375 0.031330 0.032550
0 0.870920 0.543760 0.028900 0.031080
0 0.839105 0.558425 0.027930 0.027930
0 0.800585 0.630340 0.039830 0.035940
