0 0.853235 0.978970 0.044910 0.042060
0 0.352945 0.497395 0.063370 0.069250
0 0.987175 0.365320 0.025650 0.047000
0 0.207620 0.273715 0.027100 0.021570
0 0.314080 0.384795 0.034840 0.043650
0 0.225400 0.293535 0.026520 0.030310
0 0.262880 0.345560 0.028960 0.050780
0 0.317835 0.273370 0.059210 0.048260
0 0.227400 0.093750 0.058800 0.049100
0 0.132570 0.059130 0.080580 0.098200
0 0.744945 0.228150 0.030070 0.033920
0 0.832025 0.235670 0.059450 0.044060
0 0.597115 0.018805 0.023070 0.023070
0 0.657470 0.041510 0.029140 0.032540
0 0.520860 0.137980 0.038860 0.039100
0 0.444660 0.192350 0.060060 0.048960
0 0.615575 0.335005 0.033230 0.037310
0 0.406200 0.444390 0.075960 0.060860
0 0.490760 0.482580 0.048680 0.043220
0 0.630435 0.282695 0.033230 0.032350
0 0.560220 0.433475 0.068400 0.061690
0 0.597505 0.287650 0.030310 0.034100
0 0.109525 0.344750 0.033930 0.033580
0 0.023460 0.481775 0.044880 0.039350
0 0.190330 0.602325 0.058420 0.065470
0 0.253785 0.555240 0.071510 0.082080
0 0.135160 0.660745 0.068040 0.083590
0 0.063190 0.683405 0.045380 0.043310
0 0.034125 0.740570 0.068250 0.098200
0 0.359005 0.569590 0.084810 0.081020
0 0.918790 0.177195 0.032180 0.032170
0 0.415500 0.514400 0.035320 0.036020
