0 0.913320 0.439295 0.036080 0.026410
0 0.664330 0.937630 0.055820 0.046040
0 0.790630 0.868165 0.061520 0.063550
0 0.968550 0.716645 0.035440 0.038710
0 0.355065 0.847875 0.059890 0.052550
0 0.456510 0.824450 0.062340 0.053780
0 0.290075 0.911840 0.061110 0.057440
0 0.203095 0.963990 0.053370 0.055820
0 0.801305 0.799595 0.043190 0.048070
0 0.842230 0.809985 0.042740 0.042770
0 0.232735 0.839210 0.049570 0.056020
0 0.598205 0.611535 0.031370 0.033410
0 0.266650 0.336605 0.073340 0.063970
0 0.133425 0.454145 0.076590 0.078230
0 0.567280 0.402400 0.040380 0.043940
0 0.387245 0.238130 0.032590 0.030560
0 0.443270 0.193315 0.029740 0.027290
0 0.502020 0.447355 0.056640 0.054990
0 0.405160 0.456385 0.056640 0.051710
0 0.095695 0.689920 0.086190 0.100140
0 0.753410 0.307435 0.047420 0.047910
0 0.879490 0.416780 0.035840 0.030420
