0 0.824475 0.721465 0.052290 0.056690
0 0.083715 0.602090 0.035290 0.034640
0 0.498755 0.397255 0.091450 0.076010
0 0.338630 0.518585 0.041960 0.044730
0 0.138730 0.938030 0.063380 0.053760
0 0.624280 0.332455 0.053040 0.049090
0 0.575000 0.273670 0.023360 0.026520
0 0.418765 0.368605 0.027070 0.029450
0 0.432780 0.345330 0.032300 0.028500
0 0.907200 0.917500 0.017020 0.020980
0 0.963135 0.911395 0.043150 0.043150
0 0.823595 0.773560 0.044730 0.045920
0 0.775820 0.662170 0.026580 0.025200
0 0.852925 0.619120 0.022270 0.020900
0 0.832310 0.643865 0.028320 0.028590
0 0.974845 0.834675 0.050310 0.054890
0 0.864475 0.653205 0.021170 0.021990
0 0.716395 0.720850 0.027050 0.032660
0 0.176405 0.548970 0.024230 0.023280
0 0.632595 0.252290 0.019790 0.020980
0 0.083380 0.721735 0.037000 0.038710
0 0.914615 0.684970 0.058050 0.054320
0 0.802175 0.934765 0.039330 0.036490
0 0.749615 0.443680 0.092350 0.090640
0 0.938585 0.322545 0.055290 0.057010
