0 0.474210 0.877710 0.025340 0.028100
0 0.366290 0.667560 0.029420 0.035460
0 0.761130 0.381760 0.034640 0.030020
0 0.953915 0.283210 0.033250 0.027320
0 0.019445 0.933360 0.026110 0.026940
0 0.833845 0.386400 0.020850 0.025660
0 0.260695 0.724450 0.039590 0.035300
0 0.545315 0.550540 0.042750 0.030880
0 0.209565 0.789105 0.036290 0.037930
0 0.472980 0.639545 0.051680 0.042330
0 0.517385 0.616590 0.036030 0.038760
0 0.596675 0.805765 0.033070 0.040470
0 0.684460 0.755885 0.060420 0.096910
0 0.800465 0.958535 0.059850 0.064410
0 0.333640 0.732855 0.030880 0.031830
0 0.354380 0.973310 0.055420 0.036820
0 0.427500 0.949365 0.032460 0.029690
