0 0.653075 0.532705 0.034730 0.039590
0 0.793305 0.782180 0.053190 0.067280
0 0.828760 0.697905 0.045900 0.047350
0 0.979895 0.716385 0.040210 0.050130
0 0.972615 0.779915 0.036730 0.053630
0 0.602310 0.967100 0.054500 0.065800
0 0.930245 0.492705 0.025910 0.036230
0 0.974210 0.450470 0.051580 0.052700
0 0.843820 0.490435 0.041040 0.034030
0 0.923520 0.607340 0.031840 0.030360
0 0.782565 0.410255 0.058290 0.072850
0 0.747215 0.272375 0.088890 0.121830
0 0.927120 0.160640 0.062660 0.075480
0 0.985840 0.228905 0.028320 0.053650
0 0.522400 0.056450 0.027100 0.031760
0 0.546155 0.012850 0.043130 0.025700
0 0.822375 0.312565 0.049250 0.059450
0 0.434035 0.234820 0.040670 0.043920
0 0.444425 0.291860 0.040310 0.042020
0 0.483040 0.253730 0.025260 0.030840
0 0.537930 0.332175 0.038380 0.046870
0 0.530025 0.380745 0.032330 0.047850
0 0.542095 0.447270 0.035970 0.054400
0 0.638625 0.582620 0.036430 0.047120
0 0.708600 0.608840 0.028860 0.024460
0 0.126325 0.283935 0.044450 0.037770
0 0.125980 0.332895 0.035360 0.057350
0 0.056070 0.448845 0.040220 0.041090
0 0.028965 0.485855 0.042550 0.048670
0 0.117420 0.439180 0.030600 0.042820
0 0.177020 0.467595 0.028560 0.032610
0 0.150900 0.216610 0.065400 0.096520
0 0.060145 0.086340 0.046870 0.043020
0 0.026395 0.140895 0.036030 0.040210
0 0.021160 0.787470 0.027680 0.030600
0 0.036190 0.187935 0.033920 0.044070
0 0.170065 0.335520 0.052110 0.067500
0 0.232835 0.319955 0.035670 0.042670
0 0.270710 0.404835 0.049660 0.059810
0 0.113645 0.758550 0.032790 0.031580
0 0.111315 0.977470 0.036670 0.035700
0 0.151875 0.986210 0.024530 0.026480
0 0.081925 0.948690 0.023070 0.023320
0 0.299385 0.920805 0.041770 0.041770
0 0.160295 0.785775 0.056590 0.039830
0 0.490215 0.896140 0.035410 0.032380
0 0.548200 0.856475 0.028340 0.027530
0 0.545910 0.763455 0.028340 0.031170
0 0.419640 0.758540 0.042300 0.038860
0 0.321605 0.772755 0.051730 0.043710
0 0.372930 0.624875 0.054400 0.058050
0 0.470800 0.640780 0.042740 0.038860
0 0.357140 0.525545 0.035460 0.040070
0 0.393695 0.563675 0.031330 0.031330
0 0.290535 0.525085 0.050130 0.057410
0 0.304635 0.053535 0.039590 0.037150
0 0.392795 0.018680 0.036670 0.034000
0 0.361705 0.021840 0.024530 0.029140
0 0.411250 0.055965 0.026480 0.034250
0 0.341010 0.107460 0.025500 0.027120
0 0.367645 0.081005 0.032990 0.035010
0 0.390820 0.121985 0.055860 0.046550
0 0.396285 0.170560 0.041290 0.037240
0 0.449415 0.178155 0.034610 0.034610
