0 0.221540 0.088190 0.053860 0.071000
0 0.171005 0.210105 0.030770 0.030770
0 0.490200 0.010435 0.019940 0.020870
0 0.536365 0.043775 0.024830 0.031830
0 0.462015 0.055460 0.027970 0.034620
0 0.496675 0.110065 0.034270 0.032210
0 0.389305 0.179645 0.041270 0.050370
0 0.869245 0.114785 0.025010 0.028170
0 0.859995 0.153765 0.027530 0.027530
0 0.121485 0.033460 0.028670 0.029380
0 0.599400 0.772440 0.028180 0.025740
0 0.817160 0.949080 0.043020 0.046860
0 0.924000 0.957645 0.027280 0.034630
0 0.961075 0.882455 0.055950 0.054210
0 0.888645 0.576865 0.032170 0.035670
0 0.504245 0.536960 0.032550 0.032060
0 0.675000 0.138490 0.039340 0.036140
0 0.986715 0.046105 0.026570 0.032350
0 0.968305 0.257175 0.024770 0.025910
0 0.852135 0.368990 0.069590 0.072740
0 0.815655 0.344295 0.042670 0.053510
0 0.645865 0.378220 0.040210 0.041620
0 0.445085 0.643380 0.057710 0.060500
