0 0.061820 0.549900 0.052460 0.057360
0 0.419520 0.218430 0.033920 0.047220
0 0.577425 0.256375 0.060150 0.065390
0 0.616770 0.196570 0.032520 0.037420
0 0.662450 0.157000 0.029800 0.028960
0 0.767365 0.057745 0.038190 0.043650
0 0.863055 0.038650 0.045750 0.045740
0 0.844380 0.075790 0.028540 0.030220
0 0.918660 0.045785 0.024340 0.027270
0 0.796330 0.163080 0.026440 0.024340
0 0.428760 0.342495 0.060620 0.072270
0 0.482970 0.375865 0.045460 0.037590
0 0.399615 0.404135 0.055370 0.034090
0 0.552190 0.323700 0.046340 0.050420
0 0.537325 0.248215 0.039930 0.039350
0 0.738385 0.212275 0.035710 0.043010
0 0.798540 0.348665 0.026620 0.023430
0 0.802210 0.311770 0.024160 0.029380
0 0.879065 0.324745 0.045810 0.031830
0 0.865005 0.350940 0.043370 0.045460
0 0.820310 0.390840 0.032520 0.038820
0 0.777745 0.423335 0.057710 0.053150
0 0.717660 0.421620 0.051060 0.040220
0 0.683130 0.470900 0.047600 0.047560
0 0.749925 0.489435 0.039210 0.041270
0 0.579100 0.612195 0.038800 0.036430
0 0.496925 0.555800 0.036430 0.037880
0 0.438055 0.605200 0.056830 0.051000
0 0.470990 0.591355 0.030600 0.036130
0 0.494600 0.683450 0.034680 0.045460
0 0.326795 0.726300 0.090610 0.115760
0 0.231560 0.856085 0.051800 0.061910
0 0.159165 0.900850 0.081170 0.094080
0 0.044985 0.956630 0.040950 0.055960
0 0.011220 0.966425 0.022440 0.056650
0 0.134670 0.764180 0.034100 0.029140
0 0.160750 0.787935 0.032640 0.036430
0 0.054235 0.671935 0.051590 0.040510
0 0.034270 0.711720 0.031480 0.029720
0 0.155830 0.499610 0.054900 0.064700
0 0.207130 0.482230 0.038120 0.041620
0 0.260465 0.514580 0.042670 0.049660
0 0.215880 0.581200 0.038120 0.042320
0 0.416595 0.480840 0.035590 0.038180
0 0.862640 0.665205 0.065020 0.055950
0 0.866575 0.600800 0.040830 0.036720
0 0.758465 0.581125 0.039050 0.042850
0 0.707170 0.685840 0.043420 0.036720
0 0.748765 0.723845 0.020110 0.027390
0 0.700820 0.758670 0.031480 0.037020
0 0.689250 0.792650 0.030900 0.038180
0 0.968735 0.890980 0.062530 0.067320
0 0.926265 0.964945 0.081050 0.070110
0 0.864055 0.983595 0.045170 0.032810
0 0.608960 0.900865 0.055660 0.059750
0 0.449365 0.938810 0.043710 0.046920
0 0.386705 0.975450 0.106090 0.049100
0 0.172230 0.989750 0.053860 0.020500
0 0.518570 0.822955 0.027440 0.027690
0 0.678960 0.580335 0.037640 0.039590
0 0.945605 0.633840 0.051490 0.062660
0 0.921425 0.707570 0.035730 0.042020
0 0.878085 0.727095 0.050030 0.048570
0 0.801945 0.740090 0.031330 0.031820
