0 0.714425 0.447620 0.041170 0.041960
0 0.081900 0.631425 0.048260 0.041970
0 0.186850 0.250760 0.067480 0.054900
0 0.106225 0.290680 0.044590 0.043420
0 0.041525 0.372135 0.041670 0.053050
0 0.304670 0.255325 0.028560 0.027110
0 0.448515 0.377765 0.036730 0.045470
0 0.173840 0.536505 0.035320 0.037070
0 0.271590 0.506285 0.036020 0.037770
0 0.781365 0.419080 0.083550 0.071340
0 0.826535 0.644920 0.028330 0.032880
0 0.589635 0.885380 0.044490 0.051200
0 0.441275 0.648140 0.031470 0.034280
0 0.511920 0.576095 0.034280 0.036370
0 0.912985 0.430655 0.037310 0.037310
0 0.746165 0.194825 0.032530 0.034970
0 0.794290 0.215140 0.027280 0.027980
