0 0.940335 0.311005 0.045470 0.048610
0 0.375875 0.029860 0.055610 0.059720
0 0.244555 0.060075 0.123110 0.082530
0 0.188490 0.138935 0.040920 0.047910
0 0.021240 0.199615 0.042480 0.048270
0 0.159045 0.012675 0.032170 0.025350
0 0.264140 0.013895 0.036020 0.027790
0 0.525840 0.223815 0.069940 0.055950
0 0.314080 0.236405 0.080080 0.062250
0 0.296420 0.299005 0.041960 0.036370
0 0.174330 0.401340 0.039520 0.040220
0 0.416395 0.573140 0.091490 0.076380
0 0.388365 0.643100 0.085610 0.104080
0 0.518670 0.605540 0.050780 0.055820
0 0.578390 0.546915 0.048680 0.048270
0 0.554130 0.482790 0.049520 0.045320
0 0.532435 0.423110 0.058330 0.071760
0 0.695900 0.430665 0.050360 0.044070
0 0.598535 0.438220 0.074710 0.044060
0 0.698290 0.356675 0.041540 0.033150
0 0.773930 0.260290 0.040240 0.042400
0 0.975645 0.143505 0.039630 0.032350
0 0.986805 0.063645 0.026390 0.044010
0 0.544930 0.109575 0.034100 0.032350
0 0.596310 0.148775 0.027680 0.029730
0 0.635800 0.103455 0.033800 0.028270
0 0.209745 0.309040 0.053050 0.055660
0 0.130120 0.439560 0.053160 0.048260
0 0.081120 0.553380 0.044900 0.047420
0 0.117000 0.533440 0.052880 0.050360
0 0.307505 0.341675 0.043370 0.048610
0 0.254565 0.741675 0.086670 0.139490
0 0.142005 0.870350 0.109330 0.097700
0 0.036250 0.929270 0.059980 0.078560
0 0.300920 0.965530 0.059420 0.055400
0 0.406325 0.892305 0.081590 0.085610
0 0.393735 0.972845 0.091650 0.054310
0 0.495315 0.936820 0.065470 0.064460
0 0.536005 0.830360 0.045830 0.047340
0 0.528460 0.784255 0.029140 0.046050
0 0.574220 0.763565 0.032060 0.029730
0 0.569995 0.805675 0.032350 0.036430
0 0.471340 0.785715 0.033800 0.040210
0 0.619825 0.719705 0.036430 0.038770
0 0.751675 0.641655 0.052210 0.059990
0 0.720690 0.536205 0.025260 0.027450
0 0.806055 0.534265 0.031810 0.034730
0 0.813945 0.565835 0.028170 0.028910
0 0.825725 0.485565 0.059990 0.038370
0 0.854145 0.593340 0.043130 0.036140
0 0.892760 0.727895 0.046920 0.048090
0 0.955710 0.743485 0.045760 0.039050
0 0.861020 0.806985 0.055260 0.053850
0 0.727105 0.901095 0.055950 0.044410
0 0.655205 0.978160 0.050710 0.043680
0 0.737740 0.978860 0.057700 0.042280
0 0.927115 0.879185 0.034970 0.042290
0 0.986465 0.654850 0.027070 0.048260
0 0.918475 0.426060 0.056310 0.033220
0 0.983455 0.399830 0.033090 0.043020
0 0.928970 0.260120 0.045120 0.050360
0 0.884905 0.271305 0.031130 0.034970
0 0.826500 0.312925 0.038120 0.039170
0 0.846955 0.277955 0.033570 0.041270
0 0.818630 0.380600 0.044060 0.065400
0 0.985730 0.312400 0.028540 0.054900
0 0.775195 0.858605 0.047910 0.044770
0 0.966320 0.964515 0.053340 0.054790
0 0.870450 0.981060 0.061520 0.037880
