0 0.884285 0.213300 0.053790 0.100320
0 0.971605 0.155290 0.056790 0.061640
0 0.952880 0.221460 0.030220 0.034440
0 0.754655 0.275850 0.035050 0.034440
0 0.615895 0.151280 0.039170 0.031820
0 0.578855 0.157645 0.029730 0.031830
0 0.521815 0.192375 0.038470 0.029370
0 0.705140 0.013950 0.026580 0.027900
0 0.764775 0.012725 0.027630 0.025450
0 0.924390 0.181780 0.027280 0.033920
0 0.542245 0.438025 0.026930 0.031830
0 0.467400 0.507795 0.030420 0.032170
0 0.358985 0.563050 0.024830 0.034980
0 0.371400 0.597670 0.027280 0.028680
0 0.260885 0.660450 0.039170 0.044420
0 0.246550 0.717800 0.027980 0.035320
0 0.244800 0.783725 0.031480 0.033570
0 0.123095 0.779180 0.033570 0.030080
0 0.134845 0.488525 0.044070 0.036370
0 0.222280 0.443060 0.027980 0.029380
0 0.183635 0.435890 0.022730 0.030420
0 0.375285 0.236895 0.026930 0.024830
0 0.505695 0.440120 0.032170 0.037420
0 0.651015 0.383420 0.096090 0.104540
0 0.858605 0.419380 0.068890 0.087020
