0 0.628105 0.670685 0.039350 0.036430
0 0.832400 0.556150 0.026520 0.031180
0 0.549855 0.721100 0.026810 0.038760
0 0.755320 0.668645 0.028560 0.023030
0 0.827010 0.624930 0.023320 0.025360
0 0.855175 0.816040 0.032870 0.030080
0 0.924705 0.913625 0.027690 0.034390
0 0.796555 0.625045 0.021270 0.022730
0 0.677795 0.630465 0.025070 0.024190
0 0.886905 0.527005 0.023610 0.022450
0 0.951605 0.545075 0.024190 0.020690
0 0.944170 0.611375 0.030900 0.030890
0 0.772510 0.565620 0.032640 0.023320
0 0.786065 0.603215 0.027110 0.030310
0 0.789425 0.752220 0.039870 0.043020
0 0.825800 0.734210 0.031480 0.026580
0 0.745360 0.693115 0.025180 0.020630
0 0.707065 0.871650 0.024830 0.025180
0 0.671745 0.785445 0.025530 0.024130
