0 0.544650 0.941490 0.042800 0.050780
0 0.326840 0.970870 0.032740 0.030640
0 0.164935 0.537515 0.029870 0.029870
0 0.261475 0.521000 0.026230 0.033520
0 0.972265 0.860810 0.049310 0.046860
0 0.977405 0.481005 0.037770 0.045470
0 0.912465 0.232420 0.035670 0.040920
0 0.827475 0.164750 0.037770 0.047560
0 0.765995 0.042345 0.033930 0.037070
0 0.601975 0.074445 0.032530 0.035670
0 0.043140 0.767115 0.042800 0.035250
0 0.125605 0.656740 0.030630 0.028540
0 0.031390 0.718015 0.044480 0.042810
0 0.398815 0.697035 0.036510 0.036930
0 0.363560 0.665345 0.034840 0.039030
0 0.371955 0.752005 0.082670 0.087290
0 0.254910 0.788310 0.073860 0.067980
0 0.159390 0.833005 0.042800 0.036090
0 0.121825 0.834265 0.038190 0.036090
0 0.188390 0.903090 0.045740 0.039860
0 0.055105 0.248990 0.091070 0.085620
0 0.039785 0.183310 0.070510 0.067560
0 0.153095 0.272075 0.033570 0.034410
0 0.299355 0.284455 0.037350 0.035670
0 0.346145 0.271235 0.047010 0.038610
0 0.345510 0.336700 0.051620 0.055400
0 0.104620 0.367755 0.047420 0.039450
0 0.071675 0.346605 0.036930 0.037350
0 0.014435 0.303545 0.028870 0.036090
0 0.187410 0.615685 0.044060 0.044070
0 0.236545 0.602395 0.032530 0.042670
0 0.293620 0.540530 0.041620 0.043720
0 0.300265 0.613970 0.055610 0.063300
0 0.346955 0.575150 0.034270 0.036020
0 0.429070 0.532100 0.036380 0.036380
0 0.467190 0.546265 0.047560 0.055610
0 0.534160 0.527905 0.036020 0.034270
0 0.436310 0.442780 0.038120 0.032880
0 0.398295 0.469320 0.040570 0.039520
0 0.652630 0.354410 0.064200 0.081000
0 0.682425 0.454925 0.040710 0.036090
0 0.744540 0.454925 0.032320 0.033570
0 0.714950 0.504235 0.032740 0.039030
0 0.831325 0.577005 0.035670 0.039030
0 0.891425 0.633495 0.036510 0.034830
0 0.925960 0.695770 0.072180 0.049100
0 0.883240 0.776180 0.032740 0.032320
0 0.858480 0.726660 0.031900 0.034000
0 0.578555 0.642305 0.037770 0.030630
0 0.602895 0.617965 0.037770 0.036510
0 0.479390 0.861125 0.044060 0.035250
0 0.490930 0.943380 0.041120 0.050360
0 0.537930 0.893225 0.028540 0.038190
0 0.572765 0.987635 0.045330 0.024730
