0 0.021845 0.019430 0.043690 0.038860
0 0.656700 0.177645 0.087300 0.064210
0 0.605715 0.222970 0.062530 0.054980
0 0.665720 0.235980 0.075960 0.075960
0 0.877240 0.399400 0.047420 0.060860
0 0.845130 0.351560 0.026020 0.030640
0 0.988245 0.322810 0.023510 0.034420
0 0.891175 0.090490 0.058610 0.045460
0 0.180310 0.940965 0.051060 0.045810
0 0.579995 0.836510 0.024530 0.023800
0 0.952040 0.570255 0.041380 0.043130
0 0.982750 0.904555 0.034500 0.040710
0 0.176040 0.578685 0.033760 0.031570
0 0.317385 0.461595 0.031570 0.029630
0 0.333170 0.400520 0.029620 0.035700
0 0.190070 0.418590 0.053040 0.045760
0 0.773235 0.370280 0.021330 0.023780
