0 0.803440 0.850630 0.086080 0.058760
0 0.544920 0.875180 0.087760 0.122960
0 0.661145 0.918410 0.036930 0.046160
0 0.637875 0.878535 0.042010 0.039870
0 0.614590 0.924075 0.050820 0.059590
0 0.564855 0.961845 0.057110 0.039450
0 0.684650 0.967930 0.096520 0.061280
0 0.843960 0.923445 0.084780 0.089390
0 0.979055 0.969170 0.041890 0.061660
0 0.769885 0.808875 0.040710 0.039030
0 0.817055 0.751585 0.032310 0.034830
0 0.841445 0.784955 0.037770 0.039870
0 0.892010 0.775510 0.034840 0.033580
0 0.970280 0.761450 0.048680 0.073440
0 0.984720 0.657790 0.030560 0.056660
0 0.898515 0.567770 0.040290 0.047840
0 0.739940 0.798030 0.025880 0.030080
0 0.696225 0.832480 0.028670 0.030420
0 0.710895 0.880040 0.036410 0.059100
0 0.468935 0.981020 0.056570 0.037960
0 0.386330 0.975880 0.030600 0.038760
0 0.377005 0.936825 0.032930 0.035270
0 0.184130 0.804050 0.065860 0.051000
0 0.438130 0.606905 0.046860 0.037770
0 0.682285 0.219945 0.029730 0.031470
0 0.728360 0.192260 0.039340 0.033800
0 0.069765 0.381370 0.045170 0.057120
0 0.047675 0.124760 0.035270 0.033520
0 0.874020 0.140385 0.039640 0.037890
0 0.892410 0.744125 0.028860 0.044010
0 0.951015 0.680855 0.028270 0.035270
0 0.890985 0.984660 0.032350 0.030680
0 0.926260 0.950410 0.047540 0.035260
