0 0.809840 0.212370 0.027080 0.028040
0 0.883075 0.169485 0.036910 0.041890
0 0.101195 0.151625 0.027710 0.033250
0 0.458980 0.721940 0.031840 0.038400
0 0.612715 0.901530 0.065590 0.068860
0 0.365840 0.751515 0.038120 0.034970
0 0.493345 0.718510 0.037590 0.039340
0 0.499925 0.787925 0.057010 0.063650
0 0.419130 0.804385 0.029720 0.029430
0 0.588440 0.967125 0.029380 0.029370
0 0.288275 0.599620 0.026910 0.025740
0 0.398680 0.560745 0.055420 0.033250
0 0.423420 0.465340 0.036020 0.032460
0 0.259915 0.863115 0.040370 0.042750
0 0.309320 0.871185 0.051780 0.044650
0 0.066100 0.949095 0.051780 0.052250
0 0.129280 0.919875 0.037520 0.043230
0 0.885010 0.744070 0.026120 0.026600
0 0.965005 0.370310 0.026130 0.026600
0 0.712290 0.341810 0.029920 0.036100
0 0.585210 0.353220 0.030380 0.038960
0 0.527455 0.390835 0.027550 0.028510
