0 0.972510 0.679155 0.032300 0.033030
0 0.987110 0.329005 0.025780 0.039930
0 0.408800 0.459075 0.048960 0.044590
0 0.247545 0.430975 0.034390 0.033810
0 0.215630 0.445400 0.029440 0.030600
0 0.173025 0.360010 0.025070 0.025060
0 0.335240 0.059945 0.025640 0.027390
0 0.557170 0.067155 0.056540 0.046370
0 0.483580 0.060440 0.049840 0.045180
0 0.451150 0.395825 0.025700 0.026310
0 0.688395 0.710145 0.038470 0.033230
0 0.533815 0.895780 0.041970 0.040220
0 0.530140 0.925680 0.030420 0.029380
0 0.408510 0.845740 0.028900 0.028420
0 0.902495 0.765810 0.042850 0.046920
0 0.899905 0.576795 0.034970 0.039170
0 0.727140 0.544095 0.053860 0.052810
0 0.966055 0.403030 0.030310 0.031180
0 0.925985 0.452425 0.033510 0.033810
0 0.026885 0.020610 0.036370 0.041220
0 0.063080 0.060805 0.033920 0.034270
0 0.063855 0.152345 0.031110 0.035290
0 0.101205 0.130755 0.026930 0.033570
0 0.149115 0.083890 0.033230 0.036380
0 0.229900 0.090885 0.031820 0.031470
0 0.087385 0.229380 0.031470 0.027280
0 0.034580 0.195800 0.021680 0.032180
0 0.068325 0.183035 0.031130 0.026230
0 0.162405 0.198080 0.032530 0.038120
0 0.038215 0.423050 0.034270 0.038120
0 0.017460 0.621195 0.034920 0.057910
0 0.212000 0.881875 0.020400 0.025750
0 0.275560 0.979560 0.020480 0.022280
0 0.032655 0.952790 0.031370 0.023880
0 0.435420 0.735525 0.050760 0.054890
0 0.337905 0.629270 0.029630 0.028900
0 0.386355 0.521960 0.034970 0.032060
