0 0.084060 0.124985 0.059020 0.035450
0 0.178135 0.067815 0.056570 0.042850
0 0.172590 0.011610 0.030020 0.023220
0 0.121600 0.018240 0.054820 0.036480
0 0.565825 0.300065 0.046630 0.042550
0 0.614495 0.276310 0.030890 0.030020
0 0.613095 0.331275 0.021570 0.024490
0 0.510655 0.337540 0.059750 0.045760
0 0.486700 0.305745 0.028860 0.031770
0 0.459650 0.362025 0.026520 0.028850
0 0.443185 0.413020 0.037890 0.046340
0 0.404075 0.417365 0.034970 0.043430
0 0.364440 0.464725 0.035560 0.040810
0 0.263895 0.495180 0.036130 0.027680
0 0.286045 0.539915 0.063530 0.050710
0 0.239270 0.563815 0.039340 0.043130
0 0.192345 0.543850 0.061490 0.042840
0 0.226505 0.614845 0.037010 0.039050
0 0.115265 0.583340 0.050710 0.043720
0 0.060285 0.666950 0.037070 0.038120
0 0.033990 0.697905 0.067980 0.100030
0 0.149830 0.930440 0.045500 0.061200
0 0.090025 0.883050 0.032910 0.053860
0 0.034245 0.898610 0.038850 0.038120
0 0.023755 0.927990 0.035350 0.036020
0 0.185500 0.942680 0.042700 0.038120
0 0.243035 0.920470 0.052150 0.047560
0 0.282725 0.907180 0.061590 0.044760
0 0.588835 0.675930 0.035590 0.030600
0 0.537975 0.721540 0.030630 0.027980
0 0.397215 0.032270 0.026710 0.029140
0 0.347635 0.065765 0.026310 0.030970
0 0.094860 0.626910 0.050120 0.037600
0 0.102500 0.038670 0.037160 0.028900
0 0.073235 0.029075 0.026230 0.024290
0 0.041050 0.060890 0.079420 0.062660
