0 0.082875 0.364815 0.025990 0.029870
0 0.041465 0.343080 0.023310 0.024280
0 0.041480 0.523970 0.024280 0.029140
0 0.028345 0.547270 0.035210 0.037640
0 0.206790 0.593370 0.027120 0.023480
0 0.114480 0.656760 0.036940 0.035460
0 0.079110 0.757535 0.026200 0.027390
0 0.096725 0.778080 0.031190 0.028860
0 0.122755 0.810835 0.040510 0.052170
0 0.149055 0.836805 0.043750 0.061790
0 0.151080 0.904710 0.033220 0.040800
0 0.220165 0.953965 0.033250 0.050130
0 0.303275 0.931595 0.035950 0.050030
0 0.379045 0.855840 0.031810 0.024780
0 0.478015 0.948510 0.029150 0.027100
0 0.451145 0.467740 0.112810 0.094120
0 0.533230 0.486345 0.044320 0.064970
0 0.585605 0.602930 0.035250 0.036260
0 0.507045 0.566420 0.036250 0.038780
0 0.569995 0.521855 0.035250 0.040290
0 0.620615 0.625220 0.029150 0.027680
0 0.601585 0.666135 0.048670 0.039050
0 0.636560 0.704320 0.053920 0.032060
0 0.680345 0.688460 0.035010 0.038180
0 0.684005 0.743690 0.040510 0.063540
0 0.722620 0.785800 0.034980 0.038760
0 0.672990 0.823370 0.021860 0.031180
0 0.751600 0.815090 0.037040 0.027980
0 0.752990 0.867230 0.027980 0.027400
0 0.752475 0.898300 0.038790 0.046920
0 0.761800 0.944785 0.031800 0.023310
0 0.781915 0.894655 0.046370 0.040810
0 0.803770 0.976260 0.024800 0.024480
0 0.761365 0.990315 0.033830 0.019370
0 0.497300 0.396090 0.048960 0.045120
0 0.412490 0.327895 0.040220 0.050010
0 0.173655 0.451570 0.024770 0.027200
0 0.200615 0.516290 0.022830 0.030600
0 0.049075 0.774585 0.029150 0.035850
0 0.134425 0.039510 0.038470 0.033580
0 0.229795 0.030100 0.046170 0.044060
0 0.233745 0.087075 0.035670 0.037770
0 0.172545 0.113830 0.041970 0.038120
0 0.223500 0.163520 0.050360 0.040920
0 0.283760 0.215950 0.043360 0.037420
0 0.347410 0.218395 0.034280 0.034630
0 0.259450 0.254415 0.032520 0.029030
0 0.313135 0.266830 0.035670 0.028680
0 0.333925 0.295160 0.040250 0.047560
0 0.299480 0.327860 0.041300 0.046520
0 0.370120 0.293935 0.045500 0.052810
0 0.357970 0.407805 0.040920 0.046170
0 0.335975 0.365490 0.036370 0.035320
0 0.108010 0.331180 0.028900 0.032060
0 0.093320 0.261965 0.020400 0.022830
