0 0.165020 0.482525 0.024080 0.027730
0 0.205200 0.831005 0.025360 0.027690
0 0.734105 0.387755 0.032350 0.029730
0 0.683770 0.421475 0.042260 0.030010
0 0.700730 0.448960 0.035560 0.032060
0 0.650255 0.461550 0.025930 0.028560
0 0.631950 0.411655 0.027400 0.026810
0 0.628895 0.529980 0.037010 0.053040
0 0.572790 0.522400 0.033220 0.030900
0 0.602955 0.496605 0.024770 0.024190
0 0.603335 0.549710 0.035850 0.033520
0 0.524790 0.567485 0.027980 0.032350
0 0.358030 0.657830 0.032640 0.040800
0 0.313585 0.677355 0.024190 0.026810
0 0.323930 0.645740 0.027980 0.030600
0 0.198085 0.806320 0.042550 0.034980
0 0.118060 0.825615 0.028860 0.026810
0 0.045960 0.868980 0.032060 0.033800
0 0.149150 0.523165 0.028740 0.036030
0 0.102700 0.494625 0.030560 0.022670
0 0.037410 0.546680 0.024280 0.026100
0 0.043080 0.582910 0.037640 0.035820
0 0.082645 0.556595 0.032990 0.029750
0 0.010305 0.611000 0.020610 0.043100
0 0.297370 0.385315 0.025980 0.027930
0 0.436170 0.312335 0.023800 0.022830
0 0.459360 0.273720 0.022100 0.023800
0 0.496520 0.287075 0.031820 0.035950
0 0.609805 0.188265 0.033510 0.039050
0 0.636700 0.161220 0.025060 0.026520
0 0.707875 0.085245 0.026230 0.024190
0 0.740515 0.109435 0.029730 0.027690
0 0.780295 0.077520 0.031770 0.040800
0 0.838440 0.082035 0.040800 0.043430
0 0.880550 0.010345 0.033520 0.020690
0 0.941025 0.020105 0.046630 0.039050
0 0.881130 0.044000 0.030600 0.036140
0 0.822405 0.020110 0.030310 0.032640
0 0.918255 0.257690 0.038370 0.044440
0 0.963310 0.266795 0.031820 0.031090
0 0.989975 0.234615 0.020050 0.029870
0 0.946790 0.227935 0.033760 0.029630
0 0.873990 0.309855 0.026520 0.029430
0 0.942190 0.317430 0.023020 0.023020
