0 0.643030 0.680685 0.038660 0.036310
0 0.063620 0.820340 0.095340 0.079200
0 0.257960 0.665115 0.062580 0.062090
0 0.017170 0.894280 0.034340 0.057860
0 0.774925 0.533160 0.054270 0.048400
0 0.897390 0.448340 0.063560 0.053780
0 0.651420 0.375940 0.071640 0.057380
0 0.809635 0.252480 0.037150 0.034220
0 0.973960 0.106640 0.052080 0.043800
0 0.735965 0.043315 0.048210 0.046850
0 0.106375 0.183825 0.055410 0.044810
0 0.086205 0.239640 0.054190 0.045640
0 0.080425 0.527805 0.078770 0.058730
0 0.194780 0.974700 0.070080 0.050600
0 0.650980 0.875675 0.039720 0.035990
0 0.860635 0.945785 0.066550 0.064170
0 0.790180 0.978750 0.070960 0.042500
0 0.964610 0.877035 0.059920 0.076730
0 0.987185 0.942560 0.025630 0.057040
0 0.848400 0.792520 0.023200 0.021220
0 0.811620 0.810345 0.019240 0.017250
0 0.881650 0.711035 0.023500 0.027450
0 0.980115 0.629380 0.039110 0.044980
0 0.747170 0.601815 0.031360 0.027350
0 0.706290 0.676580 0.037020 0.038440
0 0.591630 0.712745 0.042440 0.033010
0 0.510055 0.789800 0.051870 0.047860
0 0.421060 0.831050 0.040740 0.047260
0 0.724645 0.464265 0.055450 0.054330
0 0.649725 0.445355 0.046210 0.039370
0 0.550435 0.453240 0.039350 0.038760
0 0.453410 0.554055 0.027440 0.027690
0 0.501740 0.542035 0.026960 0.025010
0 0.390390 0.583685 0.034000 0.033030
0 0.346840 0.601730 0.023560 0.025740
0 0.288505 0.592185 0.027930 0.024290
0 0.318065 0.641315 0.021370 0.024770
0 0.404600 0.551865 0.026960 0.029630
0 0.213330 0.760505 0.032340 0.030890
0 0.225715 0.708050 0.030310 0.028560
0 0.181420 0.715040 0.031480 0.031480
0 0.341865 0.882845 0.048090 0.038370
0 0.314785 0.841435 0.030850 0.027930
0 0.336765 0.929115 0.026710 0.034970
0 0.302885 0.946600 0.035710 0.031820
0 0.558305 0.970450 0.033030 0.041280
0 0.528795 0.988990 0.027930 0.022020
0 0.821135 0.867355 0.033190 0.036850
0 0.900985 0.797635 0.023110 0.020070
0 0.910370 0.774265 0.020960 0.025270
0 0.953955 0.698075 0.022070 0.023890
0 0.872745 0.191985 0.038250 0.042530
0 0.757040 0.217415 0.025700 0.027530
0 0.790640 0.197990 0.027720 0.032380
0 0.750545 0.280095 0.027730 0.030770
0 0.776510 0.345245 0.028940 0.031570
0 0.476995 0.455445 0.031570 0.026510
0 0.202410 0.394005 0.028660 0.026230
0 0.254995 0.314955 0.041530 0.045910
0 0.358820 0.263465 0.028660 0.027930
0 0.384925 0.216470 0.026950 0.030600
0 0.463300 0.214240 0.025260 0.025500
0 0.425655 0.161900 0.024290 0.024780
0 0.589185 0.119220 0.046030 0.056960
0 0.523180 0.019395 0.038860 0.038790
0 0.225700 0.136230 0.031540 0.032040
0 0.279420 0.091620 0.034740 0.030520
0 0.219260 0.073625 0.025800 0.026310
0 0.239280 0.014205 0.023280 0.025470
0 0.088655 0.462035 0.029870 0.033030
0 0.060725 0.473810 0.024050 0.025500
