0 0.596310 0.043990 0.041680 0.036980
0 0.082125 0.087340 0.027110 0.026820
0 0.889730 0.662865 0.027280 0.027630
0 0.778195 0.973765 0.032310 0.038610
0 0.540870 0.916685 0.034420 0.033570
0 0.736020 0.775260 0.030220 0.031060
0 0.901445 0.768480 0.033930 0.033920
0 0.307770 0.769975 0.020400 0.023590
0 0.438790 0.151970 0.028560 0.027420
0 0.546940 0.129160 0.033220 0.030020
0 0.056480 0.066070 0.051580 0.036140
0 0.104420 0.017980 0.047800 0.035560
0 0.178590 0.039690 0.043420 0.043420
0 0.025980 0.181040 0.051960 0.059740
0 0.018405 0.013650 0.036810 0.027300
0 0.194710 0.171510 0.027100 0.026520
0 0.351385 0.420225 0.030890 0.030890
0 0.055160 0.595465 0.027200 0.030850
0 0.167660 0.536245 0.027680 0.030310
