0 0.374645 0.895530 0.032350 0.034100
0 0.289250 0.902670 0.027680 0.025640
0 0.329950 0.898130 0.025900 0.029740
0 0.300180 0.847880 0.033220 0.035560
0 0.068745 0.841465 0.058050 0.058750
0 0.033775 0.802475 0.058750 0.048610
0 0.337810 0.334685 0.053760 0.042810
0 0.250940 0.380010 0.087340 0.104920
0 0.185260 0.252740 0.047600 0.053860
0 0.221455 0.239095 0.040950 0.035670
0 0.019545 0.268300 0.039090 0.045120
0 0.059885 0.252740 0.041650 0.049660
0 0.094680 0.197480 0.039900 0.053160
0 0.133500 0.174400 0.041300 0.041960
0 0.035750 0.057240 0.061240 0.052460
0 0.184735 0.126485 0.047950 0.046870
0 0.438450 0.299460 0.049540 0.033520
0 0.416475 0.270435 0.042990 0.034730
0 0.426190 0.225145 0.033760 0.026710
0 0.369960 0.216525 0.052460 0.043470
0 0.362575 0.310135 0.042850 0.042390
0 0.381225 0.957840 0.034970 0.046340
0 0.024635 0.925805 0.049270 0.045150
0 0.447150 0.076005 0.032380 0.034810
0 0.639375 0.148180 0.039350 0.037640
0 0.697735 0.173120 0.034490 0.044200
0 0.813995 0.380685 0.034810 0.032790
0 0.694970 0.819455 0.030360 0.039830
0 0.669225 0.779145 0.031330 0.040310
0 0.602215 0.864270 0.050510 0.054400
0 0.669540 0.918055 0.031820 0.038470
0 0.664120 0.956700 0.032880 0.043020
0 0.624425 0.968470 0.053510 0.063060
0 0.702940 0.957405 0.041960 0.077290
0 0.739195 0.904585 0.039830 0.055130
0 0.726930 0.848970 0.038620 0.052700
0 0.768820 0.857350 0.045660 0.045660
0 0.814360 0.796145 0.030840 0.036430
0 0.816860 0.711215 0.045180 0.033030
0 0.699290 0.630920 0.029880 0.030360
0 0.561100 0.644485 0.027980 0.030010
0 0.520885 0.620005 0.047210 0.032350
0 0.460835 0.661825 0.055410 0.044290
0 0.378590 0.831035 0.038500 0.047510
0 0.438015 0.808335 0.053430 0.070670
0 0.400860 0.913495 0.032060 0.035210
0 0.287815 0.986305 0.056650 0.027390
0 0.322825 0.944750 0.051290 0.048960
0 0.158080 0.862450 0.057040 0.057360
0 0.131175 0.816810 0.054910 0.057700
0 0.176970 0.784810 0.058440 0.055260
0 0.303130 0.726200 0.049660 0.048260
0 0.261795 0.725535 0.026930 0.031830
0 0.220075 0.720075 0.070290 0.073090
0 0.137145 0.734945 0.034970 0.046050
0 0.226920 0.612100 0.040760 0.038800
0 0.319325 0.633060 0.042550 0.038760
0 0.354740 0.648360 0.030600 0.034980
0 0.403960 0.607005 0.048680 0.041970
0 0.354410 0.615290 0.024180 0.028220
0 0.314340 0.596370 0.031480 0.033520
0 0.219860 0.496520 0.032640 0.033800
0 0.146930 0.533385 0.036940 0.033270
0 0.017855 0.513960 0.035710 0.041040
0 0.051600 0.518935 0.053700 0.053430
0 0.179475 0.498050 0.029170 0.035940
0 0.147415 0.446320 0.031590 0.032060
0 0.105400 0.486755 0.047620 0.070670
0 0.029770 0.357765 0.059540 0.046630
0 0.159005 0.358790 0.053910 0.053040
0 0.122430 0.386910 0.044300 0.046920
0 0.203165 0.047825 0.021610 0.033510
0 0.458370 0.206805 0.025260 0.028410
