0 0.657755 0.037235 0.039870 0.046510
0 0.689980 0.563000 0.036720 0.035560
0 0.706385 0.119905 0.029870 0.027930
0 0.541960 0.171290 0.030420 0.036720
0 0.472715 0.232765 0.033570 0.038470
0 0.358145 0.156120 0.053330 0.058280
0 0.268620 0.050765 0.052460 0.051870
0 0.139915 0.106490 0.030890 0.030900
0 0.113130 0.258415 0.030020 0.034970
0 0.143395 0.167255 0.032670 0.057410
0 0.172560 0.224225 0.037300 0.042550
0 0.201995 0.261390 0.046630 0.049840
0 0.369630 0.399970 0.033220 0.031180
0 0.502555 0.584945 0.030310 0.030310
0 0.463065 0.594850 0.037590 0.044300
0 0.529370 0.729060 0.040220 0.037600
0 0.232330 0.755780 0.039100 0.046380
0 0.122370 0.657220 0.057700 0.059740
0 0.206160 0.649935 0.045760 0.048670
0 0.223790 0.689860 0.032060 0.034680
0 0.072810 0.824245 0.032960 0.032930
0 0.020630 0.846540 0.041260 0.046040
0 0.040830 0.904390 0.034100 0.035260
0 0.799640 0.357685 0.055820 0.042390
0 0.835520 0.268925 0.074700 0.066310
0 0.770700 0.019405 0.062280 0.038810
0 0.725570 0.372375 0.072180 0.064210
0 0.684650 0.342580 0.052460 0.054980
0 0.666185 0.300400 0.067570 0.055400
0 0.759985 0.310265 0.042810 0.042390
0 0.969000 0.933185 0.034680 0.041670
0 0.061895 0.080290 0.061550 0.051760
0 0.887705 0.812635 0.027530 0.026110
0 0.915430 0.786630 0.030360 0.031980
0 0.733110 0.578155 0.033800 0.033810
