0 0.208365 0.924035 0.047850 0.037350
0 0.117510 0.903470 0.024760 0.031480
0 0.164300 0.594380 0.047000 0.052040
0 0.231195 0.660725 0.033990 0.038610
0 0.062315 0.086370 0.042670 0.066800
0 0.270055 0.586615 0.035250 0.040710
0 0.125270 0.491980 0.034420 0.031060
0 0.326505 0.768335 0.065890 0.062530
0 0.370360 0.823100 0.055400 0.051200
0 0.284120 0.801070 0.048260 0.049100
0 0.343290 0.855835 0.042380 0.041130
0 0.415850 0.944635 0.072600 0.070090
0 0.235645 0.987090 0.055390 0.025820
0 0.233155 0.127120 0.031830 0.048960
0 0.543325 0.702105 0.028330 0.028330
0 0.576760 0.713855 0.025880 0.027630
0 0.581130 0.771910 0.034620 0.036720
0 0.671010 0.824370 0.049320 0.038120
0 0.633415 0.811950 0.041970 0.034280
0 0.727630 0.907390 0.031120 0.033220
0 0.661395 0.919665 0.057350 0.058050
0 0.701615 0.950440 0.034270 0.032880
0 0.045030 0.801405 0.028960 0.031470
0 0.087630 0.841060 0.050360 0.056240
0 0.021150 0.746050 0.039440 0.049940
0 0.040525 0.232140 0.052810 0.051060
0 0.317785 0.421240 0.046510 0.038120
0 0.387210 0.410215 0.053160 0.039170
0 0.432815 0.487895 0.024130 0.028670
0 0.481810 0.523705 0.031120 0.030430
0 0.457500 0.552905 0.031480 0.037770
