0 0.307055 0.876350 0.028850 0.032060
0 0.081325 0.864405 0.044330 0.054790
0 0.106390 0.834675 0.035000 0.039050
0 0.081480 0.916280 0.042840 0.046040
0 0.021435 0.927500 0.042870 0.047500
0 0.335600 0.972375 0.035000 0.055250
0 0.300050 0.972005 0.029760 0.032350
0 0.374700 0.986365 0.029720 0.027270
0 0.417950 0.988405 0.034680 0.023190
0 0.462390 0.984180 0.057120 0.031640
0 0.358815 0.884280 0.067330 0.053920
0 0.398280 0.867030 0.062080 0.048960
0 0.328480 0.909870 0.036140 0.040220
0 0.278785 0.815880 0.048090 0.044000
0 0.331230 0.820250 0.044620 0.043420
0 0.330210 0.741125 0.067640 0.063530
0 0.243090 0.850705 0.044880 0.042550
0 0.196630 0.864025 0.029720 0.034970
0 0.227200 0.782075 0.042840 0.035850
0 0.100185 0.213115 0.070990 0.093730
0 0.893840 0.205840 0.036720 0.052760
0 0.969700 0.409905 0.027400 0.031470
0 0.942595 0.391840 0.029730 0.032060
0 0.912580 0.427250 0.027980 0.034100
0 0.760680 0.450405 0.066100 0.042670
0 0.820660 0.405635 0.048260 0.037070
0 0.699650 0.506710 0.049660 0.071340
0 0.785490 0.669610 0.060540 0.069240
0 0.787240 0.737460 0.026960 0.055260
0 0.859475 0.740080 0.037770 0.033920
0 0.907390 0.696890 0.065740 0.066440
0 0.898475 0.619075 0.046510 0.045110
0 0.987900 0.481630 0.024200 0.053160
0 0.679125 0.808685 0.052490 0.075190
0 0.635840 0.788715 0.040540 0.069070
0 0.614115 0.834735 0.037590 0.055670
0 0.556845 0.864900 0.071110 0.068200
0 0.527430 0.941175 0.053900 0.062950
0 0.607885 0.972685 0.058050 0.054630
0 0.730400 0.839545 0.051000 0.045170
0 0.642385 0.915610 0.027110 0.025060
0 0.445370 0.940675 0.026520 0.031770
0 0.484135 0.885005 0.024770 0.028850
0 0.526675 0.786065 0.022470 0.026810
0 0.476690 0.830215 0.039660 0.032350
0 0.411420 0.766100 0.040800 0.043720
0 0.428310 0.719475 0.039080 0.041090
0 0.331225 0.660160 0.041530 0.055860
0 0.377870 0.040300 0.039120 0.038620
