0 0.272915 0.806530 0.029030 0.027980
0 0.043800 0.132865 0.036720 0.036430
0 0.063035 0.162295 0.022730 0.028270
0 0.112695 0.099290 0.025650 0.033800
0 0.046865 0.032755 0.036430 0.036730
0 0.107915 0.184040 0.042550 0.053040
0 0.113745 0.231255 0.042550 0.035550
0 0.031995 0.188410 0.036430 0.044880
0 0.060560 0.198615 0.030020 0.037890
0 0.167520 0.256610 0.042840 0.044880
0 0.126280 0.309505 0.029140 0.034090
0 0.010240 0.225425 0.020480 0.034970
0 0.010535 0.116575 0.021070 0.028270
0 0.227180 0.066675 0.037400 0.045410
0 0.257905 0.039840 0.028410 0.025260
0 0.280130 0.009960 0.029140 0.019920
0 0.280250 0.102735 0.042020 0.033030
0 0.332830 0.089625 0.055380 0.056350
0 0.361730 0.207790 0.033520 0.032060
0 0.431530 0.187885 0.034980 0.046050
0 0.470875 0.182435 0.033230 0.038470
0 0.387525 0.248360 0.031470 0.037020
0 0.371565 0.298780 0.023930 0.026820
0 0.461620 0.328215 0.043100 0.044890
0 0.225805 0.304055 0.031190 0.031470
0 0.267480 0.319500 0.034100 0.043140
0 0.159180 0.363480 0.070820 0.045760
0 0.012800 0.457615 0.025600 0.062410
0 0.046125 0.465265 0.031330 0.049550
0 0.018265 0.503395 0.036530 0.040810
0 0.016740 0.540555 0.020160 0.023310
0 0.047345 0.577345 0.042990 0.047850
0 0.053705 0.632820 0.036190 0.033520
0 0.021910 0.673400 0.043820 0.056340
0 0.161850 0.683720 0.036920 0.035700
0 0.196630 0.636045 0.034980 0.031570
0 0.168860 0.781870 0.042700 0.066100
0 0.204545 0.751450 0.039870 0.034620
0 0.211365 0.793940 0.048610 0.048260
0 0.260850 0.747250 0.026580 0.028320
0 0.185485 0.839225 0.027630 0.025530
0 0.230600 0.847625 0.046520 0.047210
0 0.191610 0.889415 0.024480 0.037070
0 0.037970 0.865945 0.038120 0.041270
0 0.035700 0.917540 0.046160 0.052120
0 0.302625 0.881720 0.063330 0.060160
0 0.362430 0.871055 0.035360 0.033930
0 0.332790 0.980535 0.036020 0.038930
0 0.258750 0.914595 0.027280 0.027970
0 0.045420 0.988475 0.047220 0.023050
0 0.560780 0.859945 0.032060 0.032050
0 0.502935 0.803555 0.032350 0.028270
0 0.533535 0.763480 0.035270 0.037880
0 0.593570 0.801075 0.033520 0.030890
0 0.632625 0.881570 0.030890 0.031180
0 0.650385 0.908095 0.024510 0.032350
0 0.604045 0.962150 0.027430 0.032640
0 0.508760 0.899640 0.027400 0.027100
0 0.437210 0.680855 0.074320 0.097630
0 0.352435 0.687910 0.036430 0.044300
0 0.332470 0.621020 0.033220 0.026520
0 0.397025 0.568275 0.028270 0.031770
0 0.518910 0.522305 0.025180 0.029730
0 0.561585 0.429630 0.039170 0.047920
0 0.613165 0.402525 0.052810 0.041270
0 0.620440 0.496460 0.052460 0.065400
0 0.616470 0.549765 0.035000 0.039170
0 0.523460 0.430850 0.023080 0.027280
0 0.537415 0.648700 0.043710 0.047560
0 0.583225 0.644675 0.049310 0.052810
0 0.653505 0.643805 0.045850 0.064350
0 0.615910 0.713925 0.065780 0.049310
0 0.631280 0.756135 0.054560 0.040570
0 0.689020 0.708850 0.047560 0.044060
0 0.660170 0.785795 0.055600 0.037070
0 0.799165 0.739625 0.030810 0.035670
0 0.706160 0.748545 0.021680 0.024830
0 0.785530 0.699760 0.025220 0.032880
0 0.743405 0.705705 0.042310 0.031470
0 0.670655 0.462725 0.052930 0.060430
0 0.738035 0.398725 0.032310 0.039870
0 0.781260 0.406285 0.032320 0.039870
0 0.783340 0.443635 0.056700 0.036510
0 0.740550 0.334520 0.025600 0.029800
0 0.709915 0.291715 0.033150 0.042390
0 0.729430 0.366410 0.025180 0.026440
0 0.526500 0.096130 0.048960 0.043720
0 0.506725 0.036855 0.043750 0.039870
0 0.579645 0.042800 0.030810 0.046860
0 0.590535 0.093405 0.051410 0.035670
0 0.649940 0.070075 0.050400 0.036370
0 0.643660 0.144745 0.023080 0.026230
0 0.606940 0.148940 0.027980 0.028320
0 0.851645 0.048325 0.065050 0.058050
0 0.886090 0.096935 0.044420 0.036370
0 0.962350 0.197305 0.075300 0.082530
0 0.895675 0.537555 0.036370 0.035670
0 0.840525 0.567525 0.037070 0.031470
0 0.870075 0.602850 0.036730 0.056660
0 0.921835 0.561230 0.026930 0.048260
0 0.887620 0.870095 0.082600 0.082090
0 0.838015 0.857000 0.065970 0.070000
0 0.775225 0.879760 0.053510 0.038120
0 0.984530 0.710670 0.030940 0.038760
0 0.849895 0.924880 0.032170 0.036720
0 0.884555 0.940090 0.040570 0.043360
0 0.893630 0.910015 0.036340 0.043370
0 0.925980 0.934145 0.040260 0.037770
0 0.413080 0.776475 0.052040 0.044910
0 0.138705 0.551690 0.032670 0.027400
0 0.170910 0.539595 0.030040 0.034090
0 0.256025 0.499375 0.029430 0.029430
0 0.374995 0.461580 0.030310 0.030600
0 0.410400 0.500925 0.032940 0.040510
