0 0.016515 0.979155 0.033030 0.038370
0 0.389625 0.142865 0.045830 0.048550
0 0.850225 0.580295 0.027710 0.030090
0 0.741630 0.666350 0.027840 0.029840
0 0.374690 0.406870 0.020720 0.031060
0 0.725005 0.420715 0.061110 0.057690
0 0.685650 0.494780 0.055740 0.057200
0 0.430030 0.364300 0.068640 0.044380
0 0.519275 0.269870 0.048570 0.044460
0 0.606495 0.241810 0.060210 0.063580
0 0.740610 0.167035 0.059860 0.057570
0 0.834440 0.376640 0.026800 0.027360
0 0.636470 0.492375 0.040580 0.033650
0 0.436150 0.627970 0.044460 0.046180
0 0.496135 0.912215 0.033310 0.032330
0 0.352640 0.951340 0.024540 0.030080
0 0.375600 0.897705 0.017420 0.025730
0 0.184055 0.780455 0.058430 0.050350
0 0.959350 0.823875 0.027080 0.031830
0 0.867670 0.850000 0.046080 0.038480
0 0.964345 0.899645 0.027550 0.035150
0 0.883215 0.558690 0.027310 0.028500
0 0.672435 0.401095 0.026130 0.027550
0 0.089760 0.206090 0.038000 0.046080
0 0.146050 0.209655 0.033720 0.033250
0 0.139000 0.322910 0.029360 0.027380
0 0.991650 0.471600 0.016700 0.030360
0 0.245935 0.533340 0.039830 0.043960
0 0.385020 0.453180 0.044880 0.042260
0 0.616765 0.037360 0.044010 0.037600
0 0.116845 0.021500 0.036430 0.034240
0 0.320180 0.166100 0.040560 0.040560
0 0.403745 0.099945 0.027450 0.031330
0 0.586390 0.777210 0.019560 0.020740
0 0.761185 0.358130 0.050350 0.044000
0 0.241585 0.441115 0.060430 0.051630
0 0.161215 0.515040 0.046350 0.038720
0 0.080540 0.620055 0.045760 0.061010
0 0.301135 0.440825 0.058670 0.062770
0 0.128650 0.609790 0.052800 0.053380
0 0.041820 0.659660 0.050460 0.048700
0 0.268450 0.765875 0.062140 0.072990
0 0.352400 0.658605 0.067600 0.101410
0 0.588105 0.810555 0.041150 0.035450
0 0.891060 0.602080 0.039920 0.037080
0 0.835855 0.646285 0.049290 0.046450
0 0.753585 0.950065 0.062770 0.059850
0 0.821840 0.896030 0.028120 0.035440
0 0.268935 0.976375 0.053370 0.044810
0 0.126165 0.271165 0.043850 0.045270
0 0.234335 0.245860 0.037670 0.045520
0 0.955910 0.043410 0.044420 0.049800
0 0.676035 0.708635 0.035650 0.033270
0 0.801250 0.709550 0.052960 0.053980
0 0.839790 0.689515 0.028180 0.031570
0 0.878490 0.706325 0.032940 0.036670
0 0.758115 0.747635 0.022350 0.028890
0 0.776630 0.641895 0.050600 0.036190
0 0.805860 0.606940 0.029800 0.037000
0 0.406125 0.679265 0.051610 0.047870
