0 0.737140 0.045890 0.031220 0.041800
0 0.470785 0.875450 0.054970 0.049060
0 0.327130 0.686035 0.049520 0.058750
0 0.353570 0.718770 0.058760 0.067980
0 0.582295 0.244710 0.031050 0.035680
0 0.224620 0.393180 0.047840 0.049860
0 0.178795 0.473505 0.032730 0.035250
0 0.195920 0.504220 0.038780 0.036260
0 0.374695 0.356670 0.040790 0.041300
0 0.926975 0.223295 0.037890 0.037590
0 0.966905 0.271415 0.034970 0.045750
0 0.841845 0.376945 0.025650 0.027110
0 0.854380 0.411335 0.025060 0.028270
0 0.833105 0.499230 0.038470 0.031480
0 0.872155 0.472275 0.030890 0.036430
0 0.812995 0.343310 0.037310 0.035560
0 0.896200 0.419670 0.030600 0.033800
0 0.631575 0.508910 0.021570 0.025060
0 0.654555 0.580220 0.034950 0.043720
0 0.771455 0.775685 0.046510 0.033570
0 0.899805 0.784255 0.047910 0.052110
0 0.966425 0.894940 0.046870 0.052460
0 0.152715 0.969295 0.031130 0.038470
0 0.109525 0.984295 0.060150 0.031410
0 0.048850 0.878890 0.033220 0.031820
0 0.021365 0.918230 0.042730 0.079040
0 0.576895 0.408685 0.052810 0.050710
0 0.726760 0.342580 0.029380 0.042320
0 0.797750 0.299810 0.048960 0.053860
0 0.742320 0.267985 0.036020 0.039170
0 0.671420 0.059995 0.046840 0.053890
0 0.823005 0.022315 0.034750 0.044630
0 0.857000 0.138305 0.031220 0.032230
0 0.608975 0.113630 0.039790 0.044320
0 0.769880 0.079885 0.039280 0.038270
0 0.053715 0.202865 0.039870 0.039030
0 0.418615 0.224675 0.074030 0.090150
0 0.616025 0.049925 0.046830 0.059930
0 0.543755 0.016525 0.040290 0.033050
0 0.736135 0.108090 0.029210 0.031220
