0 0.514475 0.218315 0.040510 0.041390
0 0.050940 0.185435 0.032640 0.030310
0 0.426200 0.924240 0.025220 0.028540
0 0.399765 0.951485 0.037010 0.047510
0 0.348910 0.980480 0.053040 0.039040
0 0.441735 0.953960 0.040510 0.033220
0 0.472625 0.931670 0.036430 0.058000
0 0.483990 0.979895 0.051000 0.040210
0 0.536015 0.921180 0.087430 0.062660
0 0.497540 0.877900 0.057120 0.064120
0 0.574625 0.861140 0.043430 0.048080
0 0.601585 0.904565 0.044890 0.052170
0 0.599250 0.800230 0.060620 0.081900
0 0.661475 0.788425 0.050410 0.050130
0 0.715830 0.764965 0.036720 0.043430
0 0.778485 0.771960 0.095010 0.056240
0 0.576960 0.980175 0.048960 0.039650
0 0.843770 0.950290 0.046340 0.070820
0 0.535525 0.725590 0.040070 0.035700
0 0.988380 0.616790 0.023240 0.030360
0 0.652995 0.716150 0.026810 0.029720
0 0.714840 0.838320 0.035260 0.038180
0 0.688300 0.801280 0.031500 0.067320
0 0.812720 0.886230 0.030340 0.041680
0 0.796995 0.926305 0.030890 0.048370
0 0.948470 0.673980 0.036680 0.045660
0 0.957720 0.575210 0.038180 0.032940
0 0.989865 0.510075 0.020270 0.047210
0 0.956120 0.500895 0.024480 0.027690
0 0.868545 0.904245 0.039930 0.044590
0 0.923920 0.879325 0.030600 0.032050
0 0.891860 0.678235 0.038760 0.054790
0 0.816815 0.675320 0.058290 0.050420
0 0.772660 0.719180 0.045760 0.055380
0 0.738850 0.691495 0.051580 0.068490
0 0.858780 0.622130 0.056540 0.063240
0 0.867085 0.573025 0.037590 0.044010
0 0.712070 0.182030 0.048080 0.045760
