0 0.541085 0.557385 0.033570 0.039170
0 0.090815 0.864270 0.029030 0.031820
0 0.684820 0.738475 0.064000 0.050010
0 0.633590 0.753860 0.031480 0.029020
0 0.637405 0.798275 0.055610 0.044410
0 0.531630 0.842515 0.035360 0.030070
0 0.523935 0.883435 0.049350 0.055250
0 0.484065 0.851610 0.026970 0.028680
0 0.477265 0.923480 0.037770 0.033220
0 0.608060 0.532380 0.033920 0.033920
0 0.633590 0.508425 0.026920 0.032170
0 0.637225 0.477580 0.037070 0.038120
0 0.865315 0.333105 0.040570 0.039170
0 0.933970 0.246580 0.024840 0.027980
0 0.903335 0.551820 0.039870 0.038820
0 0.950020 0.609880 0.033920 0.033920
0 0.894220 0.648350 0.032840 0.031820
0 0.467470 0.954255 0.028680 0.034630
0 0.390845 0.925405 0.042310 0.061550
0 0.351710 0.985960 0.051060 0.028080
0 0.118970 0.854475 0.027280 0.031830
0 0.240675 0.778410 0.034970 0.030780
0 0.283510 0.753585 0.038120 0.040570
0 0.355695 0.713290 0.032870 0.038120
0 0.382310 0.679965 0.029380 0.031130
0 0.424975 0.631875 0.035670 0.037770
