0 0.199015 0.026505 0.029630 0.033270
0 0.144490 0.053580 0.025500 0.023800
0 0.106240 0.110170 0.023800 0.022340
0 0.147450 0.133485 0.025980 0.026710
0 0.317115 0.491760 0.028170 0.025260
0 0.372370 0.545315 0.033760 0.037650
0 0.441225 0.522485 0.056830 0.042010
0 0.809640 0.192315 0.030560 0.029750
0 0.665765 0.414380 0.024490 0.033580
0 0.730110 0.220285 0.026580 0.031470
0 0.655445 0.334115 0.026230 0.027630
0 0.596520 0.314710 0.025880 0.030080
0 0.663495 0.246685 0.024830 0.029030
0 0.800030 0.165805 0.025500 0.028530
0 0.837475 0.149250 0.021050 0.021660
0 0.857710 0.167425 0.023080 0.023270
0 0.913670 0.208205 0.051200 0.043710
0 0.862800 0.249660 0.042320 0.069240
0 0.959410 0.340185 0.024280 0.022090
0 0.934615 0.374085 0.025970 0.027830
0 0.502970 0.516150 0.033920 0.030080
0 0.500310 0.425290 0.040220 0.026580
0 0.707730 0.249135 0.028680 0.027630
0 0.323205 0.570010 0.028330 0.029380
0 0.253965 0.539760 0.026230 0.033920
0 0.219445 0.669680 0.019930 0.022380
