0 0.209890 0.648885 0.035560 0.034090
0 0.082005 0.420690 0.029730 0.031480
0 0.733625 0.795800 0.032790 0.031980
0 0.018855 0.457845 0.037710 0.035270
0 0.054615 0.401745 0.021570 0.032050
0 0.687400 0.813080 0.023280 0.022060
0 0.799210 0.718770 0.035840 0.037600
0 0.927445 0.687440 0.036430 0.049540
0 0.349225 0.812265 0.049250 0.048370
0 0.862455 0.712655 0.040510 0.037010
0 0.823835 0.747480 0.029730 0.029140
0 0.849485 0.772250 0.038470 0.040800
0 0.874490 0.181740 0.029140 0.036720
0 0.147085 0.936620 0.045170 0.040800
