0 0.914385 0.975305 0.045810 0.038470
0 0.637105 0.284200 0.062950 0.087300
0 0.588840 0.280000 0.047840 0.073860
0 0.754235 0.462645 0.061690 0.042810
0 0.806060 0.474605 0.045320 0.049950
0 0.824165 0.555695 0.042310 0.039790
0 0.896435 0.600770 0.067990 0.086620
0 0.927405 0.681345 0.064470 0.081590
0 0.492040 0.861290 0.055860 0.050360
0 0.421350 0.841985 0.043640 0.037770
0 0.424285 0.795400 0.035250 0.055400
0 0.377705 0.743995 0.040290 0.035670
0 0.452590 0.775680 0.028160 0.047840
0 0.511140 0.775885 0.034460 0.042390
0 0.522470 0.809670 0.037820 0.047000
0 0.506755 0.902625 0.033150 0.036510
0 0.488710 0.947320 0.026440 0.027700
0 0.574945 0.966625 0.038610 0.041130
0 0.543055 0.968310 0.057910 0.048680
0 0.571595 0.892140 0.037770 0.048260
0 0.253100 0.937710 0.048260 0.050780
0 0.067525 0.598705 0.047430 0.062110
0 0.018970 0.604160 0.037940 0.071340
0 0.041890 0.533220 0.079380 0.055360
0 0.094780 0.505115 0.053340 0.042810
0 0.139520 0.338170 0.057540 0.057920
0 0.162205 0.438890 0.085190 0.067140
0 0.278960 0.243455 0.042360 0.063450
0 0.315825 0.233785 0.039950 0.065870
0 0.090675 0.296805 0.040570 0.048610
0 0.454000 0.473010 0.041540 0.041540
0 0.435325 0.407755 0.044490 0.039450
0 0.374515 0.355210 0.062110 0.056240
0 0.478550 0.318155 0.036940 0.036510
0 0.497265 0.387525 0.032310 0.046170
0 0.495170 0.463485 0.032320 0.034410
0 0.468480 0.384455 0.026020 0.038190
0 0.444135 0.265905 0.065470 0.042810
0 0.417280 0.215755 0.031900 0.039030
0 0.388235 0.157710 0.046170 0.044480
0 0.795610 0.037435 0.052460 0.043230
0 0.740215 0.024425 0.028950 0.036510
0 0.822685 0.130390 0.037770 0.053720
0 0.765575 0.980310 0.045470 0.039380
0 0.858145 0.099755 0.046590 0.035250
0 0.765605 0.118220 0.053710 0.039440
0 0.846810 0.177395 0.047420 0.031050
0 0.905780 0.085695 0.026860 0.039030
0 0.938720 0.068280 0.034840 0.023500
0 0.918160 0.243325 0.052880 0.043650
0 0.869100 0.351640 0.051620 0.042380
0 0.969635 0.390755 0.060730 0.063370
0 0.648515 0.703700 0.065470 0.053300
0 0.694475 0.652295 0.061690 0.046170
0 0.739585 0.715245 0.067990 0.061270
0 0.768965 0.771065 0.064630 0.067150
0 0.810090 0.821210 0.069660 0.050780
0 0.784280 0.851430 0.033160 0.042380
0 0.711890 0.846600 0.070500 0.054560
0 0.670130 0.754275 0.047420 0.044490
0 0.221615 0.764280 0.036370 0.033920
0 0.243960 0.484255 0.043720 0.055950
0 0.298695 0.536365 0.061550 0.053850
0 0.833775 0.912705 0.044070 0.044770
0 0.863675 0.972335 0.042310 0.047210
0 0.064590 0.712015 0.051620 0.066310
0 0.026185 0.225355 0.033930 0.037070
0 0.083365 0.220810 0.027970 0.028680
0 0.039475 0.142995 0.024830 0.026930
0 0.021050 0.084765 0.042100 0.039170
0 0.092285 0.033355 0.033230 0.041270
0 0.161350 0.039475 0.027280 0.026930
0 0.465665 0.024380 0.085190 0.048760
0 0.527150 0.045830 0.047840 0.055400
0 0.532395 0.095975 0.060010 0.065890
0 0.468605 0.094090 0.072610 0.056240
0 0.515605 0.163335 0.087710 0.067990
0 0.602265 0.183060 0.063790 0.069660
0 0.591775 0.066600 0.060430 0.061700
0 0.602480 0.014940 0.059180 0.029880
0 0.630805 0.122415 0.033570 0.043230
0 0.642560 0.213065 0.071340 0.059170
0 0.687255 0.282525 0.062530 0.111630
