0 0.070145 0.608305 0.031130 0.034630
0 0.807020 0.334715 0.030420 0.033570
0 0.371070 0.692835 0.057080 0.039450
0 0.289320 0.663460 0.030220 0.027280
0 0.447115 0.584980 0.030210 0.034000
0 0.505995 0.516780 0.034830 0.027280
0 0.601135 0.507550 0.031890 0.028540
0 0.975555 0.214300 0.026930 0.025880
0 0.702105 0.978705 0.032790 0.039350
0 0.298320 0.759840 0.021860 0.020400
0 0.139355 0.824460 0.030350 0.024080
0 0.097845 0.836865 0.024890 0.024690
0 0.058810 0.879420 0.022280 0.022280
0 0.019340 0.906730 0.023480 0.021460
0 0.323245 0.939425 0.033570 0.034270
0 0.673425 0.668630 0.024130 0.028680
0 0.852795 0.020905 0.027630 0.030070
0 0.986990 0.166220 0.026020 0.038820
0 0.152505 0.545350 0.039870 0.040220
0 0.147435 0.460025 0.026930 0.025530
0 0.250080 0.447435 0.023080 0.024830
0 0.037095 0.423300 0.036370 0.029020
0 0.029225 0.449705 0.031130 0.032170
0 0.177335 0.334465 0.034970 0.026230
0 0.030975 0.548155 0.026930 0.026230
0 0.030980 0.587320 0.035320 0.029720
