0 0.026590 0.908195 0.053180 0.054210
0 0.041925 0.105685 0.083850 0.118210
0 0.034460 0.963400 0.068920 0.073200
0 0.099625 0.971100 0.064210 0.057800
0 0.212385 0.467210 0.052370 0.070500
0 0.237565 0.404010 0.059430 0.066980
0 0.319905 0.564370 0.087750 0.060920
0 0.413455 0.699545 0.084850 0.116030
0 0.484885 0.761980 0.047870 0.067440
0 0.489240 0.804770 0.039160 0.050040
0 0.565020 0.910280 0.048580 0.072520
0 0.024420 0.553435 0.040960 0.052810
0 0.021170 0.629880 0.042340 0.051760
0 0.072505 0.614635 0.035710 0.043010
0 0.160895 0.690035 0.090230 0.085330
0 0.055720 0.696295 0.051100 0.039170
0 0.255325 0.833355 0.034270 0.031830
0 0.302535 0.834055 0.061550 0.054210
0 0.210910 0.782820 0.032880 0.029380
0 0.288725 0.952785 0.052110 0.051750
0 0.087120 0.209385 0.106600 0.109510
0 0.155290 0.310550 0.095000 0.107320
0 0.273130 0.490035 0.071060 0.076150
