0 0.256590 0.206540 0.071260 0.051880
0 0.252885 0.268960 0.060430 0.050160
0 0.017035 0.263860 0.034070 0.047280
0 0.096680 0.316580 0.044340 0.047100
0 0.542375 0.061565 0.024150 0.029690
0 0.223585 0.837830 0.032330 0.035960
0 0.601245 0.778430 0.030090 0.034840
0 0.560275 0.801980 0.033650 0.030480
0 0.492775 0.854990 0.036910 0.033900
0 0.428495 0.021560 0.039210 0.043120
0 0.446300 0.111205 0.043940 0.053050
0 0.365470 0.052740 0.055420 0.052260
0 0.350590 0.152765 0.060880 0.056090
0 0.667020 0.560765 0.050740 0.043890
0 0.528500 0.589210 0.033640 0.025080
0 0.637520 0.494865 0.057480 0.051310
0 0.583605 0.490115 0.027550 0.034210
0 0.012245 0.452355 0.024490 0.048930
0 0.146995 0.305575 0.037210 0.045130
0 0.082190 0.696885 0.045120 0.048690
0 0.254995 0.457815 0.029650 0.030790
0 0.343960 0.356955 0.047840 0.059710
0 0.414225 0.358770 0.039250 0.044200
0 0.476245 0.289165 0.065650 0.062010
