0 0.643075 0.209860 0.054370 0.055560
0 0.834565 0.187400 0.052010 0.062640
0 0.928535 0.342245 0.091010 0.102830
0 0.972835 0.452765 0.054330 0.111110
0 0.916295 0.455935 0.034890 0.038990
0 0.869030 0.582825 0.044460 0.077290
0 0.430690 0.652730 0.071820 0.088240
0 0.443415 0.766010 0.160890 0.154320
0 0.588360 0.615110 0.084820 0.085500
0 0.061355 0.902785 0.093490 0.096910
0 0.090140 0.972200 0.055300 0.055600
0 0.181920 0.915150 0.127120 0.169700
0 0.365370 0.707110 0.041800 0.037060
0 0.236405 0.739650 0.047030 0.046080
0 0.649715 0.719355 0.194050 0.127070
0 0.708815 0.859720 0.146770 0.173360
0 0.737380 0.976155 0.107360 0.047690
0 0.475815 0.354660 0.107570 0.080380
0 0.575640 0.390470 0.115600 0.106020
0 0.761840 0.264675 0.040360 0.047890
0 0.837150 0.109460 0.033520 0.043780
0 0.951730 0.120405 0.046520 0.038310
0 0.145310 0.272200 0.067040 0.074560
0 0.074605 0.593550 0.049250 0.069780
0 0.855550 0.670175 0.074560 0.102610
0 0.699250 0.627765 0.060200 0.051990
0 0.841620 0.391630 0.100900 0.099760
0 0.386160 0.519480 0.039680 0.039680
0 0.309890 0.589600 0.034880 0.033520
0 0.273430 0.803210 0.080760 0.093020
0 0.348840 0.791730 0.058980 0.082740
0 0.720180 0.457780 0.049940 0.060880
0 0.893085 0.501705 0.034210 0.033250
