0 0.647655 0.205955 0.029390 0.029630
0 0.582690 0.240565 0.034980 0.040070
0 0.509400 0.131000 0.048960 0.036720
0 0.510000 0.096320 0.029700 0.036140
0 0.438845 0.118160 0.031770 0.028880
0 0.522925 0.027830 0.043710 0.046340
0 0.450925 0.060895 0.034410 0.036750
0 0.493185 0.061480 0.028590 0.034360
0 0.198810 0.296380 0.039160 0.052460
0 0.161215 0.318245 0.031130 0.026230
0 0.137990 0.348705 0.036720 0.036370
0 0.088295 0.367905 0.029370 0.030430
0 0.115055 0.394135 0.026930 0.027630
0 0.057525 0.343420 0.039170 0.036020
0 0.059125 0.447675 0.065050 0.074150
0 0.137085 0.426485 0.026930 0.034270
0 0.195835 0.422810 0.030430 0.029720
0 0.116940 0.595815 0.034980 0.039170
0 0.124525 0.643525 0.039870 0.041270
0 0.211695 0.619600 0.034310 0.053860
0 0.207520 0.165330 0.032380 0.038460
0 0.206450 0.694445 0.028020 0.034970
0 0.047675 0.674000 0.033610 0.031860
0 0.034575 0.552455 0.026230 0.032870
0 0.069685 0.091395 0.025010 0.030110
0 0.024995 0.047440 0.024530 0.032540
0 0.046005 0.016310 0.031090 0.032620
0 0.010495 0.069540 0.020990 0.041280
0 0.031405 0.219950 0.029630 0.032060
0 0.388360 0.082525 0.068540 0.047910
0 0.339750 0.122745 0.059460 0.065390
0 0.384340 0.146350 0.045820 0.056660
0 0.419695 0.187825 0.037770 0.062250
0 0.310545 0.182025 0.045810 0.043370
0 0.355135 0.167860 0.038470 0.033220
0 0.197275 0.234515 0.114710 0.050710
0 0.229970 0.301665 0.043020 0.068890
0 0.923925 0.901160 0.047470 0.077220
0 0.337655 0.270915 0.041970 0.043130
0 0.601045 0.031005 0.030190 0.036430
0 0.647950 0.119595 0.040320 0.048330
0 0.894495 0.952940 0.065010 0.056400
0 0.969820 0.909760 0.060360 0.124640
0 0.403875 0.375020 0.031770 0.036140
0 0.443365 0.423690 0.054790 0.044300
0 0.492565 0.741305 0.058750 0.086450
0 0.539130 0.697665 0.051240 0.038610
0 0.434210 0.738955 0.057960 0.092750
0 0.498425 0.664295 0.069710 0.063370
0 0.799180 0.488245 0.073440 0.070090
0 0.728885 0.393610 0.064630 0.069660
0 0.729305 0.480900 0.047010 0.062120
0 0.682510 0.429285 0.044060 0.062110
0 0.645370 0.445435 0.051200 0.064210
0 0.671600 0.504400 0.046580 0.070500
0 0.604245 0.544690 0.065470 0.076380
0 0.854700 0.700680 0.081000 0.071760
0 0.874635 0.634165 0.071350 0.087290
0 0.800125 0.783360 0.046630 0.076800
0 0.750835 0.717260 0.081410 0.076380
0 0.733605 0.792590 0.083130 0.105340
0 0.589240 0.834980 0.061320 0.075120
0 0.655760 0.851975 0.076000 0.114150
0 0.539445 0.893330 0.041270 0.070300
0 0.478575 0.964240 0.128030 0.071520
0 0.379390 0.847180 0.078400 0.065580
0 0.253770 0.817160 0.032380 0.029440
0 0.197520 0.832460 0.060360 0.044880
0 0.271675 0.897105 0.085970 0.092390
0 0.261490 0.757270 0.047240 0.046040
0 0.329980 0.775050 0.078140 0.060620
0 0.382875 0.690820 0.058610 0.072280
0 0.357565 0.585030 0.058870 0.062660
0 0.305245 0.504595 0.052750 0.037590
0 0.248420 0.543645 0.034680 0.027690
0 0.302130 0.573610 0.049540 0.054500
0 0.362485 0.384490 0.045170 0.045660
0 0.465410 0.298560 0.040320 0.042500
0 0.437600 0.332075 0.038620 0.032790
0 0.507685 0.382105 0.048110 0.049790
0 0.526610 0.343370 0.035940 0.038380
0 0.561235 0.329890 0.028930 0.042500
0 0.629660 0.271920 0.030600 0.028180
0 0.692320 0.250545 0.033520 0.034970
0 0.689670 0.208995 0.041040 0.043470
