0 0.797755 0.044615 0.027630 0.031130
0 0.444820 0.023405 0.030560 0.027730
0 0.137380 0.245885 0.029140 0.029430
0 0.054480 0.436895 0.047360 0.066790
0 0.322440 0.409870 0.071700 0.064000
0 0.530840 0.144355 0.046160 0.069250
0 0.738300 0.167370 0.040220 0.041620
0 0.769075 0.117010 0.030430 0.029720
0 0.516050 0.324185 0.038480 0.038950
0 0.562840 0.292125 0.038000 0.035630
0 0.687310 0.330830 0.038820 0.036720
0 0.654050 0.750480 0.030080 0.045920
0 0.055110 0.846250 0.026520 0.027980
0 0.366740 0.781925 0.042260 0.044010
0 0.214630 0.825460 0.034000 0.035220
0 0.551285 0.861135 0.045170 0.044450
0 0.510975 0.872675 0.036430 0.036430
0 0.400780 0.682720 0.054500 0.054200
0 0.418705 0.622570 0.039630 0.042840
0 0.470725 0.598930 0.032350 0.038760
0 0.720130 0.398090 0.030840 0.031820
0 0.663490 0.450010 0.052460 0.037640
0 0.613215 0.468225 0.051970 0.040070
0 0.777470 0.668130 0.031820 0.034480
0 0.840010 0.616885 0.027200 0.030610
0 0.877285 0.599765 0.023550 0.027930
0 0.906625 0.362145 0.026230 0.028410
0 0.841050 0.407560 0.061680 0.067760
0 0.848580 0.322435 0.027200 0.024770
0 0.885860 0.317215 0.043960 0.048330
