0 0.777915 0.979445 0.026910 0.035630
0 0.281375 0.967530 0.027770 0.033260
0 0.772220 0.906240 0.044440 0.049480
0 0.678115 0.785055 0.021170 0.022270
0 0.691735 0.896835 0.025610 0.025930
0 0.717035 0.928490 0.030390 0.024980
0 0.280190 0.609750 0.030020 0.029360
0 0.738200 0.906425 0.025200 0.027950
0 0.368315 0.843305 0.029930 0.029930
0 0.316540 0.868955 0.027080 0.025170
0 0.830960 0.901265 0.022960 0.021770
0 0.330600 0.794615 0.040240 0.041570
0 0.689645 0.651245 0.070590 0.048170
0 0.750015 0.620570 0.042890 0.048820
0 0.574730 0.774015 0.045600 0.041610
0 0.636515 0.715450 0.036030 0.045520
0 0.497765 0.796400 0.032470 0.030080
0 0.335445 0.895425 0.031890 0.029690
