0 0.305735 0.540915 0.027710 0.029290
0 0.379800 0.490860 0.053360 0.046780
0 0.332455 0.500335 0.032070 0.035230
0 0.211970 0.026250 0.032660 0.030680
0 0.286220 0.286055 0.050080 0.060750
0 0.262545 0.556865 0.030870 0.033650
0 0.500195 0.128410 0.069090 0.063620
0 0.741315 0.244700 0.076610 0.084140
0 0.155705 0.321355 0.069770 0.082090
0 0.140110 0.090280 0.036940 0.040220
0 0.195930 0.621375 0.056640 0.079630
0 0.555050 0.368680 0.058120 0.055160
0 0.677225 0.299460 0.037050 0.037620
0 0.599775 0.021545 0.047450 0.042270
