0 0.376945 0.651330 0.039450 0.052460
0 0.760690 0.954735 0.025500 0.025990
0 0.615255 0.940730 0.028270 0.027400
0 0.065310 0.635340 0.025500 0.025260
0 0.804790 0.118890 0.036680 0.031580
0 0.675485 0.130645 0.039170 0.040570
0 0.613760 0.064375 0.052800 0.047910
0 0.410480 0.060220 0.043640 0.043640
0 0.332210 0.019720 0.023080 0.022240
0 0.815205 0.275190 0.034270 0.062600
0 0.525280 0.227875 0.033920 0.037770
0 0.428580 0.875250 0.044420 0.048960
0 0.853950 0.473350 0.047840 0.047840
0 0.756790 0.394660 0.025600 0.029800
0 0.939350 0.487615 0.033160 0.036090
0 0.823420 0.869080 0.025260 0.030840
0 0.521640 0.183460 0.039520 0.038820
